achr,astart,aend,bchr,bstart,bend,size,sizebins,binsize,dil_size1,dil_iter1,dil_size2,dil_iter2,inter_z_thresh,kernel_size
chr1,0.0,234624000.0,chr1,0.0,234624000.0,234624000.0,7332,32000.0,1,1,1,1,0.5,11
chr1,32000.0,288000.0,chr1,32000.0,256000.0,256000.0,8,32000.0,1,1,1,1,0.5,11
chr1,2240000.0,2464000.0,chr1,32000.0,256000.0,224000.0,7,32000.0,1,1,1,1,0.5,11
chr1,64000.0,224000.0,chr1,352000.0,480000.0,160000.0,5,32000.0,1,1,1,1,0.5,11
chr1,352000.0,512000.0,chr1,320000.0,480000.0,160000.0,5,32000.0,1,1,1,1,0.5,11
chr1,2272000.0,2432000.0,chr1,384000.0,512000.0,160000.0,5,32000.0,1,1,1,1,0.5,11
chr1,576000.0,736000.0,chr1,544000.0,736000.0,160000.0,5,32000.0,1,1,1,1,0.5,11
chr1,352000.0,480000.0,chr1,576000.0,704000.0,128000.0,4,32000.0,1,1,1,1,0.5,11
chr1,128000.0,160000.0,chr1,640000.0,704000.0,32000.0,1,32000.0,1,1,1,1,0.5,11
chr1,800000.0,960000.0,chr1,768000.0,960000.0,160000.0,5,32000.0,1,1,1,1,0.5,11
chr1,1056000.0,1088000.0,chr1,800000.0,896000.0,32000.0,1,32000.0,1,1,1,1,0.5,11
chr1,2336000.0,2464000.0,chr1,768000.0,960000.0,128000.0,4,32000.0,1,1,1,1,0.5,11
chr1,608000.0,672000.0,chr1,832000.0,896000.0,64000.0,2,32000.0,1,1,1,1,0.5,11
chr1,800000.0,928000.0,chr1,1024000.0,1120000.0,128000.0,4,32000.0,1,1,1,1,0.5,11
chr1,1024000.0,1216000.0,chr1,1024000.0,1184000.0,192000.0,6,32000.0,1,1,1,1,0.5,11
chr1,1248000.0,1568000.0,chr1,1248000.0,1568000.0,320000.0,10,32000.0,1,1,1,1,0.5,11
chr1,1856000.0,2016000.0,chr1,1312000.0,1472000.0,160000.0,5,32000.0,1,1,1,1,0.5,11
chr1,1728000.0,1760000.0,chr1,1696000.0,1728000.0,32000.0,1,32000.0,1,1,1,1,0.5,11
chr1,1312000.0,1504000.0,chr1,1760000.0,2016000.0,192000.0,6,32000.0,1,1,1,1,0.5,11
chr1,1792000.0,2080000.0,chr1,1760000.0,2080000.0,288000.0,9,32000.0,1,1,1,1,0.5,11
chr1,128000.0,192000.0,chr1,1888000.0,1984000.0,64000.0,2,32000.0,1,1,1,1,0.5,11
chr1,1184000.0,1216000.0,chr1,1888000.0,1920000.0,32000.0,1,32000.0,1,1,1,1,0.5,11
chr1,1696000.0,1760000.0,chr1,1888000.0,2016000.0,64000.0,2,32000.0,1,1,1,1,0.5,11
chr1,210432000.0,210560000.0,chr1,2016000.0,2048000.0,128000.0,4,32000.0,1,1,1,1,0.5,11
chr1,32000.0,288000.0,chr1,2240000.0,2464000.0,256000.0,8,32000.0,1,1,1,1,0.5,11
chr1,2240000.0,2528000.0,chr1,2240000.0,2496000.0,288000.0,9,32000.0,1,1,1,1,0.5,11
chr1,864000.0,928000.0,chr1,2368000.0,2400000.0,64000.0,2,32000.0,1,1,1,1,0.5,11
chr1,2400000.0,2432000.0,chr1,2592000.0,2624000.0,32000.0,1,32000.0,1,1,1,1,0.5,11
chr1,2592000.0,2688000.0,chr1,2592000.0,2656000.0,96000.0,3,32000.0,1,1,1,1,0.5,11
chr1,2944000.0,3232000.0,chr1,2944000.0,3232000.0,288000.0,9,32000.0,1,1,1,1,0.5,11
chr1,3264000.0,3296000.0,chr1,3232000.0,3264000.0,32000.0,1,32000.0,1,1,1,1,0.5,11
chr1,3072000.0,3264000.0,chr1,3360000.0,3520000.0,192000.0,6,32000.0,1,1,1,1,0.5,11
chr1,3360000.0,3648000.0,chr1,3328000.0,3648000.0,288000.0,9,32000.0,1,1,1,1,0.5,11
chr1,128000.0,160000.0,chr1,3392000.0,3424000.0,32000.0,1,32000.0,1,1,1,1,0.5,11
chr1,4128000.0,4352000.0,chr1,4128000.0,4320000.0,224000.0,7,32000.0,1,1,1,1,0.5,11
chr1,4896000.0,4960000.0,chr1,4864000.0,4928000.0,64000.0,2,32000.0,1,1,1,1,0.5,11
chr1,4960000.0,5184000.0,chr1,4960000.0,5184000.0,224000.0,7,32000.0,1,1,1,1,0.5,11
chr1,5376000.0,5952000.0,chr1,5376000.0,5920000.0,576000.0,18,32000.0,1,1,1,1,0.5,11
chr1,6016000.0,6208000.0,chr1,6016000.0,6176000.0,192000.0,6,32000.0,1,1,1,1,0.5,11
chr1,6304000.0,6368000.0,chr1,6080000.0,6112000.0,64000.0,2,32000.0,1,1,1,1,0.5,11
chr1,6272000.0,6432000.0,chr1,6240000.0,6400000.0,160000.0,5,32000.0,1,1,1,1,0.5,11
chr1,6048000.0,6144000.0,chr1,6272000.0,6400000.0,96000.0,3,32000.0,1,1,1,1,0.5,11
chr1,6656000.0,6720000.0,chr1,6624000.0,6688000.0,64000.0,2,32000.0,1,1,1,1,0.5,11
chr1,6848000.0,6976000.0,chr1,6848000.0,6944000.0,128000.0,4,32000.0,1,1,1,1,0.5,11
chr1,7200000.0,7360000.0,chr1,7200000.0,7360000.0,160000.0,5,32000.0,1,1,1,1,0.5,11
chr1,7520000.0,7712000.0,chr1,7520000.0,7712000.0,192000.0,6,32000.0,1,1,1,1,0.5,11
chr1,7840000.0,7872000.0,chr1,7520000.0,7552000.0,32000.0,1,32000.0,1,1,1,1,0.5,11
chr1,7904000.0,7936000.0,chr1,7680000.0,7776000.0,32000.0,1,32000.0,1,1,1,1,0.5,11
chr1,7680000.0,7744000.0,chr1,7872000.0,7936000.0,64000.0,2,32000.0,1,1,1,1,0.5,11
chr1,7904000.0,8096000.0,chr1,7904000.0,8064000.0,192000.0,6,32000.0,1,1,1,1,0.5,11
chr1,7488000.0,7648000.0,chr1,8000000.0,8096000.0,160000.0,5,32000.0,1,1,1,1,0.5,11
chr1,8448000.0,8608000.0,chr1,8416000.0,8608000.0,160000.0,5,32000.0,1,1,1,1,0.5,11
chr1,8736000.0,8768000.0,chr1,8704000.0,8768000.0,32000.0,1,32000.0,1,1,1,1,0.5,11
chr1,8832000.0,8992000.0,chr1,8800000.0,8992000.0,160000.0,5,32000.0,1,1,1,1,0.5,11
chr1,9152000.0,9216000.0,chr1,8832000.0,8896000.0,64000.0,2,32000.0,1,1,1,1,0.5,11
chr1,9088000.0,9120000.0,chr1,8928000.0,8960000.0,32000.0,1,32000.0,1,1,1,1,0.5,11
chr1,8800000.0,8992000.0,chr1,9056000.0,9248000.0,192000.0,6,32000.0,1,1,1,1,0.5,11
chr1,9056000.0,9312000.0,chr1,9056000.0,9312000.0,256000.0,8,32000.0,1,1,1,1,0.5,11
chr1,9216000.0,9248000.0,chr1,9504000.0,9536000.0,32000.0,1,32000.0,1,1,1,1,0.5,11
chr1,9504000.0,9568000.0,chr1,9472000.0,9568000.0,64000.0,2,32000.0,1,1,1,1,0.5,11
chr1,10016000.0,10048000.0,chr1,9984000.0,10016000.0,32000.0,1,32000.0,1,1,1,1,0.5,11
chr1,10048000.0,10272000.0,chr1,10048000.0,10240000.0,224000.0,7,32000.0,1,1,1,1,0.5,11
chr1,10496000.0,10720000.0,chr1,10496000.0,10720000.0,224000.0,7,32000.0,1,1,1,1,0.5,11
chr1,9984000.0,10080000.0,chr1,10624000.0,10688000.0,96000.0,3,32000.0,1,1,1,1,0.5,11
chr1,10848000.0,11040000.0,chr1,10848000.0,11008000.0,192000.0,6,32000.0,1,1,1,1,0.5,11
chr1,11008000.0,11040000.0,chr1,11232000.0,11264000.0,32000.0,1,32000.0,1,1,1,1,0.5,11
chr1,11200000.0,11520000.0,chr1,11200000.0,11520000.0,320000.0,10,32000.0,1,1,1,1,0.5,11
chr1,11520000.0,11808000.0,chr1,11488000.0,11776000.0,288000.0,9,32000.0,1,1,1,1,0.5,11
chr1,11872000.0,11936000.0,chr1,11616000.0,11680000.0,64000.0,2,32000.0,1,1,1,1,0.5,11
chr1,11520000.0,11744000.0,chr1,11808000.0,11968000.0,224000.0,7,32000.0,1,1,1,1,0.5,11
chr1,11840000.0,12000000.0,chr1,11808000.0,12000000.0,160000.0,5,32000.0,1,1,1,1,0.5,11
chr1,12224000.0,12352000.0,chr1,12224000.0,12320000.0,128000.0,4,32000.0,1,1,1,1,0.5,11
chr1,11744000.0,11776000.0,chr1,12384000.0,12416000.0,32000.0,1,32000.0,1,1,1,1,0.5,11
chr1,12384000.0,12576000.0,chr1,12384000.0,12576000.0,192000.0,6,32000.0,1,1,1,1,0.5,11
chr1,12224000.0,12256000.0,chr1,12448000.0,12480000.0,32000.0,1,32000.0,1,1,1,1,0.5,11
chr1,12928000.0,13152000.0,chr1,12896000.0,13120000.0,224000.0,7,32000.0,1,1,1,1,0.5,11
chr1,13184000.0,13344000.0,chr1,13152000.0,13312000.0,160000.0,5,32000.0,1,1,1,1,0.5,11
chr1,12992000.0,13088000.0,chr1,13216000.0,13280000.0,96000.0,3,32000.0,1,1,1,1,0.5,11
chr1,13472000.0,13504000.0,chr1,13248000.0,13280000.0,32000.0,1,32000.0,1,1,1,1,0.5,11
chr1,13216000.0,13312000.0,chr1,13440000.0,13536000.0,96000.0,3,32000.0,1,1,1,1,0.5,11
chr1,13440000.0,13536000.0,chr1,13440000.0,13536000.0,96000.0,3,32000.0,1,1,1,1,0.5,11
chr1,13632000.0,13696000.0,chr1,13600000.0,13696000.0,64000.0,2,32000.0,1,1,1,1,0.5,11
chr1,14208000.0,14240000.0,chr1,14208000.0,14240000.0,32000.0,1,32000.0,1,1,1,1,0.5,11
chr1,14368000.0,14432000.0,chr1,14368000.0,14400000.0,64000.0,2,32000.0,1,1,1,1,0.5,11
chr1,14624000.0,14816000.0,chr1,14624000.0,14816000.0,192000.0,6,32000.0,1,1,1,1,0.5,11
chr1,14880000.0,15008000.0,chr1,14880000.0,15008000.0,128000.0,4,32000.0,1,1,1,1,0.5,11
chr1,14688000.0,14752000.0,chr1,14912000.0,15008000.0,64000.0,2,32000.0,1,1,1,1,0.5,11
chr1,15072000.0,15232000.0,chr1,15040000.0,15232000.0,160000.0,5,32000.0,1,1,1,1,0.5,11
chr1,14912000.0,14944000.0,chr1,15136000.0,15168000.0,32000.0,1,32000.0,1,1,1,1,0.5,11
chr1,15360000.0,15520000.0,chr1,15328000.0,15488000.0,160000.0,5,32000.0,1,1,1,1,0.5,11
chr1,15616000.0,15680000.0,chr1,15424000.0,15488000.0,64000.0,2,32000.0,1,1,1,1,0.5,11
chr1,15424000.0,15488000.0,chr1,15584000.0,15712000.0,64000.0,2,32000.0,1,1,1,1,0.5,11
chr1,15584000.0,15744000.0,chr1,15584000.0,15744000.0,160000.0,5,32000.0,1,1,1,1,0.5,11
chr1,15616000.0,15680000.0,chr1,15840000.0,15904000.0,64000.0,2,32000.0,1,1,1,1,0.5,11
chr1,15840000.0,15936000.0,chr1,15808000.0,15904000.0,96000.0,3,32000.0,1,1,1,1,0.5,11
chr1,16128000.0,16256000.0,chr1,16096000.0,16224000.0,128000.0,4,32000.0,1,1,1,1,0.5,11
chr1,221056000.0,221408000.0,chr1,16160000.0,16320000.0,352000.0,11,32000.0,1,1,1,1,0.5,11
chr1,16512000.0,16576000.0,chr1,16320000.0,16352000.0,64000.0,2,32000.0,1,1,1,1,0.5,11
chr1,221056000.0,221408000.0,chr1,16352000.0,16512000.0,352000.0,11,32000.0,1,1,1,1,0.5,11
chr1,16448000.0,16640000.0,chr1,16448000.0,16608000.0,192000.0,6,32000.0,1,1,1,1,0.5,11
chr1,16640000.0,16800000.0,chr1,16640000.0,16800000.0,160000.0,5,32000.0,1,1,1,1,0.5,11
chr1,16512000.0,16544000.0,chr1,16736000.0,16768000.0,32000.0,1,32000.0,1,1,1,1,0.5,11
chr1,16896000.0,17184000.0,chr1,16864000.0,17184000.0,288000.0,9,32000.0,1,1,1,1,0.5,11
chr1,16672000.0,16768000.0,chr1,16896000.0,17024000.0,96000.0,3,32000.0,1,1,1,1,0.5,11
chr1,17216000.0,17376000.0,chr1,17216000.0,17376000.0,160000.0,5,32000.0,1,1,1,1,0.5,11
chr1,17056000.0,17088000.0,chr1,17280000.0,17312000.0,32000.0,1,32000.0,1,1,1,1,0.5,11
chr1,17760000.0,17920000.0,chr1,17728000.0,17888000.0,160000.0,5,32000.0,1,1,1,1,0.5,11
chr1,17952000.0,18016000.0,chr1,17920000.0,17984000.0,64000.0,2,32000.0,1,1,1,1,0.5,11
chr1,18144000.0,18304000.0,chr1,18112000.0,18304000.0,160000.0,5,32000.0,1,1,1,1,0.5,11
chr1,18400000.0,18592000.0,chr1,18400000.0,18592000.0,192000.0,6,32000.0,1,1,1,1,0.5,11
chr1,18688000.0,18752000.0,chr1,18688000.0,18752000.0,64000.0,2,32000.0,1,1,1,1,0.5,11
chr1,18848000.0,19040000.0,chr1,18816000.0,19008000.0,192000.0,6,32000.0,1,1,1,1,0.5,11
chr1,19136000.0,19296000.0,chr1,19104000.0,19264000.0,160000.0,5,32000.0,1,1,1,1,0.5,11
chr1,19168000.0,19232000.0,chr1,19360000.0,19456000.0,64000.0,2,32000.0,1,1,1,1,0.5,11
chr1,19360000.0,19520000.0,chr1,19328000.0,19488000.0,160000.0,5,32000.0,1,1,1,1,0.5,11
chr1,19680000.0,19840000.0,chr1,19680000.0,19808000.0,160000.0,5,32000.0,1,1,1,1,0.5,11
chr1,20000000.0,20096000.0,chr1,19968000.0,20096000.0,96000.0,3,32000.0,1,1,1,1,0.5,11
chr1,20128000.0,20288000.0,chr1,20128000.0,20256000.0,160000.0,5,32000.0,1,1,1,1,0.5,11
chr1,20672000.0,20832000.0,chr1,20640000.0,20800000.0,160000.0,5,32000.0,1,1,1,1,0.5,11
chr1,20928000.0,20960000.0,chr1,20672000.0,20768000.0,32000.0,1,32000.0,1,1,1,1,0.5,11
chr1,20672000.0,20800000.0,chr1,20896000.0,20992000.0,128000.0,4,32000.0,1,1,1,1,0.5,11
chr1,20896000.0,21088000.0,chr1,20896000.0,21088000.0,192000.0,6,32000.0,1,1,1,1,0.5,11
chr1,21120000.0,21280000.0,chr1,21120000.0,21280000.0,160000.0,5,32000.0,1,1,1,1,0.5,11
chr1,21440000.0,21728000.0,chr1,21440000.0,21728000.0,288000.0,9,32000.0,1,1,1,1,0.5,11
chr1,21920000.0,22016000.0,chr1,21888000.0,22016000.0,96000.0,3,32000.0,1,1,1,1,0.5,11
chr1,22144000.0,22304000.0,chr1,22112000.0,22304000.0,160000.0,5,32000.0,1,1,1,1,0.5,11
chr1,22144000.0,22272000.0,chr1,22400000.0,22528000.0,128000.0,4,32000.0,1,1,1,1,0.5,11
chr1,22400000.0,22592000.0,chr1,22400000.0,22592000.0,192000.0,6,32000.0,1,1,1,1,0.5,11
chr1,22752000.0,22880000.0,chr1,22752000.0,22880000.0,128000.0,4,32000.0,1,1,1,1,0.5,11
chr1,22912000.0,23104000.0,chr1,22880000.0,23104000.0,192000.0,6,32000.0,1,1,1,1,0.5,11
chr1,22944000.0,23072000.0,chr1,23200000.0,23328000.0,128000.0,4,32000.0,1,1,1,1,0.5,11
chr1,23200000.0,23360000.0,chr1,23168000.0,23360000.0,160000.0,5,32000.0,1,1,1,1,0.5,11
chr1,23488000.0,23776000.0,chr1,23456000.0,23776000.0,288000.0,9,32000.0,1,1,1,1,0.5,11
chr1,23904000.0,24000000.0,chr1,23904000.0,23968000.0,96000.0,3,32000.0,1,1,1,1,0.5,11
chr1,24096000.0,24256000.0,chr1,24096000.0,24256000.0,160000.0,5,32000.0,1,1,1,1,0.5,11
chr1,24320000.0,24512000.0,chr1,24288000.0,24512000.0,192000.0,6,32000.0,1,1,1,1,0.5,11
chr1,24768000.0,24800000.0,chr1,24320000.0,24384000.0,32000.0,1,32000.0,1,1,1,1,0.5,11
chr1,24608000.0,24704000.0,chr1,24384000.0,24480000.0,96000.0,3,32000.0,1,1,1,1,0.5,11
chr1,24288000.0,24512000.0,chr1,24576000.0,24832000.0,224000.0,7,32000.0,1,1,1,1,0.5,11
chr1,24640000.0,24704000.0,chr1,24608000.0,24672000.0,64000.0,2,32000.0,1,1,1,1,0.5,11
chr1,24704000.0,24864000.0,chr1,24704000.0,24864000.0,160000.0,5,32000.0,1,1,1,1,0.5,11
chr1,24896000.0,25152000.0,chr1,24896000.0,25120000.0,256000.0,8,32000.0,1,1,1,1,0.5,11
chr1,25312000.0,25472000.0,chr1,25280000.0,25440000.0,160000.0,5,32000.0,1,1,1,1,0.5,11
chr1,24960000.0,25024000.0,chr1,25344000.0,25472000.0,64000.0,2,32000.0,1,1,1,1,0.5,11
chr1,25536000.0,25664000.0,chr1,25504000.0,25632000.0,128000.0,4,32000.0,1,1,1,1,0.5,11
chr1,25696000.0,25824000.0,chr1,25664000.0,25792000.0,128000.0,4,32000.0,1,1,1,1,0.5,11
chr1,25920000.0,26176000.0,chr1,25888000.0,26176000.0,256000.0,8,32000.0,1,1,1,1,0.5,11
chr1,26336000.0,26624000.0,chr1,26304000.0,26624000.0,288000.0,9,32000.0,1,1,1,1,0.5,11
chr1,25952000.0,26144000.0,chr1,26368000.0,26528000.0,192000.0,6,32000.0,1,1,1,1,0.5,11
chr1,26784000.0,26912000.0,chr1,26752000.0,26880000.0,128000.0,4,32000.0,1,1,1,1,0.5,11
chr1,27232000.0,27264000.0,chr1,26816000.0,26848000.0,32000.0,1,32000.0,1,1,1,1,0.5,11
chr1,26880000.0,27008000.0,chr1,26880000.0,26976000.0,128000.0,4,32000.0,1,1,1,1,0.5,11
chr1,26784000.0,26944000.0,chr1,27168000.0,27296000.0,160000.0,5,32000.0,1,1,1,1,0.5,11
chr1,27168000.0,27424000.0,chr1,27136000.0,27424000.0,256000.0,8,32000.0,1,1,1,1,0.5,11
chr1,27520000.0,27648000.0,chr1,27488000.0,27616000.0,128000.0,4,32000.0,1,1,1,1,0.5,11
chr1,27712000.0,27872000.0,chr1,27712000.0,27840000.0,160000.0,5,32000.0,1,1,1,1,0.5,11
chr1,27584000.0,27616000.0,chr1,27776000.0,27808000.0,32000.0,1,32000.0,1,1,1,1,0.5,11
chr1,28160000.0,28224000.0,chr1,28128000.0,28256000.0,64000.0,2,32000.0,1,1,1,1,0.5,11
chr1,28416000.0,28448000.0,chr1,28384000.0,28448000.0,32000.0,1,32000.0,1,1,1,1,0.5,11
chr1,28704000.0,28864000.0,chr1,28672000.0,28864000.0,160000.0,5,32000.0,1,1,1,1,0.5,11
chr1,28960000.0,28992000.0,chr1,28928000.0,28992000.0,32000.0,1,32000.0,1,1,1,1,0.5,11
chr1,29728000.0,29760000.0,chr1,29696000.0,29760000.0,32000.0,1,32000.0,1,1,1,1,0.5,11
chr1,29952000.0,30016000.0,chr1,29920000.0,30016000.0,64000.0,2,32000.0,1,1,1,1,0.5,11
chr1,30112000.0,30336000.0,chr1,30112000.0,30304000.0,224000.0,7,32000.0,1,1,1,1,0.5,11
chr1,30496000.0,30528000.0,chr1,30208000.0,30240000.0,32000.0,1,32000.0,1,1,1,1,0.5,11
chr1,30144000.0,30304000.0,chr1,30432000.0,30624000.0,160000.0,5,32000.0,1,1,1,1,0.5,11
chr1,30464000.0,30560000.0,chr1,30432000.0,30528000.0,96000.0,3,32000.0,1,1,1,1,0.5,11
chr1,30592000.0,30752000.0,chr1,30592000.0,30752000.0,160000.0,5,32000.0,1,1,1,1,0.5,11
chr1,31072000.0,31232000.0,chr1,31040000.0,31232000.0,160000.0,5,32000.0,1,1,1,1,0.5,11
chr1,31296000.0,31424000.0,chr1,31264000.0,31424000.0,128000.0,4,32000.0,1,1,1,1,0.5,11
chr1,31040000.0,31168000.0,chr1,31296000.0,31392000.0,128000.0,4,32000.0,1,1,1,1,0.5,11
chr1,31520000.0,31776000.0,chr1,31520000.0,31776000.0,256000.0,8,32000.0,1,1,1,1,0.5,11
chr1,31904000.0,32032000.0,chr1,31584000.0,31744000.0,128000.0,4,32000.0,1,1,1,1,0.5,11
chr1,31552000.0,31776000.0,chr1,31872000.0,32064000.0,224000.0,7,32000.0,1,1,1,1,0.5,11
chr1,31872000.0,32128000.0,chr1,31872000.0,32096000.0,256000.0,8,32000.0,1,1,1,1,0.5,11
chr1,31136000.0,31168000.0,chr1,31968000.0,32032000.0,32000.0,1,32000.0,1,1,1,1,0.5,11
chr1,32128000.0,32448000.0,chr1,32096000.0,32448000.0,320000.0,10,32000.0,1,1,1,1,0.5,11
chr1,31936000.0,32064000.0,chr1,32160000.0,32352000.0,128000.0,4,32000.0,1,1,1,1,0.5,11
chr1,32224000.0,32256000.0,chr1,32448000.0,32480000.0,32000.0,1,32000.0,1,1,1,1,0.5,11
chr1,32896000.0,33024000.0,chr1,32896000.0,32992000.0,128000.0,4,32000.0,1,1,1,1,0.5,11
chr1,33088000.0,33152000.0,chr1,33056000.0,33152000.0,64000.0,2,32000.0,1,1,1,1,0.5,11
chr1,33280000.0,33440000.0,chr1,33248000.0,33408000.0,160000.0,5,32000.0,1,1,1,1,0.5,11
chr1,33536000.0,33696000.0,chr1,33536000.0,33696000.0,160000.0,5,32000.0,1,1,1,1,0.5,11
chr1,34016000.0,34048000.0,chr1,33568000.0,33632000.0,32000.0,1,32000.0,1,1,1,1,0.5,11
chr1,33824000.0,33888000.0,chr1,33824000.0,33856000.0,64000.0,2,32000.0,1,1,1,1,0.5,11
chr1,33504000.0,33664000.0,chr1,33888000.0,34080000.0,160000.0,5,32000.0,1,1,1,1,0.5,11
chr1,33920000.0,34176000.0,chr1,33920000.0,34144000.0,256000.0,8,32000.0,1,1,1,1,0.5,11
chr1,33792000.0,33856000.0,chr1,33984000.0,34080000.0,64000.0,2,32000.0,1,1,1,1,0.5,11
chr1,33984000.0,34112000.0,chr1,34208000.0,34336000.0,128000.0,4,32000.0,1,1,1,1,0.5,11
chr1,34208000.0,34304000.0,chr1,34208000.0,34304000.0,96000.0,3,32000.0,1,1,1,1,0.5,11
chr1,34368000.0,34432000.0,chr1,34336000.0,34368000.0,64000.0,2,32000.0,1,1,1,1,0.5,11
chr1,34496000.0,34656000.0,chr1,34464000.0,34656000.0,160000.0,5,32000.0,1,1,1,1,0.5,11
chr1,35104000.0,35200000.0,chr1,35104000.0,35200000.0,96000.0,3,32000.0,1,1,1,1,0.5,11
chr1,35328000.0,35456000.0,chr1,35296000.0,35456000.0,128000.0,4,32000.0,1,1,1,1,0.5,11
chr1,35552000.0,35680000.0,chr1,35520000.0,35680000.0,128000.0,4,32000.0,1,1,1,1,0.5,11
chr1,36032000.0,36160000.0,chr1,36032000.0,36128000.0,128000.0,4,32000.0,1,1,1,1,0.5,11
chr1,36224000.0,36416000.0,chr1,36224000.0,36384000.0,192000.0,6,32000.0,1,1,1,1,0.5,11
chr1,36544000.0,36704000.0,chr1,36512000.0,36704000.0,160000.0,5,32000.0,1,1,1,1,0.5,11
chr1,36320000.0,36352000.0,chr1,36576000.0,36640000.0,32000.0,1,32000.0,1,1,1,1,0.5,11
chr1,36896000.0,37024000.0,chr1,36896000.0,36992000.0,128000.0,4,32000.0,1,1,1,1,0.5,11
chr1,36576000.0,36608000.0,chr1,36960000.0,37024000.0,32000.0,1,32000.0,1,1,1,1,0.5,11
chr1,37056000.0,37216000.0,chr1,37024000.0,37216000.0,160000.0,5,32000.0,1,1,1,1,0.5,11
chr1,37440000.0,37472000.0,chr1,37408000.0,37440000.0,32000.0,1,32000.0,1,1,1,1,0.5,11
chr1,37472000.0,37632000.0,chr1,37440000.0,37632000.0,160000.0,5,32000.0,1,1,1,1,0.5,11
chr1,37728000.0,37888000.0,chr1,37696000.0,37856000.0,160000.0,5,32000.0,1,1,1,1,0.5,11
chr1,37984000.0,38112000.0,chr1,37728000.0,37792000.0,128000.0,4,32000.0,1,1,1,1,0.5,11
chr1,37952000.0,38176000.0,chr1,37920000.0,38176000.0,224000.0,7,32000.0,1,1,1,1,0.5,11
chr1,40256000.0,40448000.0,chr1,37888000.0,38144000.0,192000.0,6,32000.0,1,1,1,1,0.5,11
chr1,37696000.0,37856000.0,chr1,37952000.0,38144000.0,160000.0,5,32000.0,1,1,1,1,0.5,11
chr1,38272000.0,38400000.0,chr1,37952000.0,38144000.0,128000.0,4,32000.0,1,1,1,1,0.5,11
chr1,39872000.0,39904000.0,chr1,37952000.0,38016000.0,32000.0,1,32000.0,1,1,1,1,0.5,11
chr1,40064000.0,40480000.0,chr1,37984000.0,38432000.0,416000.0,13,32000.0,1,1,1,1,0.5,11
chr1,40512000.0,40704000.0,chr1,38144000.0,38336000.0,192000.0,6,32000.0,1,1,1,1,0.5,11
chr1,37920000.0,38176000.0,chr1,38240000.0,38432000.0,256000.0,8,32000.0,1,1,1,1,0.5,11
chr1,38240000.0,38464000.0,chr1,38208000.0,38432000.0,224000.0,7,32000.0,1,1,1,1,0.5,11
chr1,39840000.0,39936000.0,chr1,38240000.0,38368000.0,96000.0,3,32000.0,1,1,1,1,0.5,11
chr1,39968000.0,40384000.0,chr1,38240000.0,38656000.0,416000.0,13,32000.0,1,1,1,1,0.5,11
chr1,40544000.0,40576000.0,chr1,38432000.0,38496000.0,32000.0,1,32000.0,1,1,1,1,0.5,11
chr1,38240000.0,38368000.0,chr1,38496000.0,38656000.0,128000.0,4,32000.0,1,1,1,1,0.5,11
chr1,38496000.0,38688000.0,chr1,38496000.0,38688000.0,192000.0,6,32000.0,1,1,1,1,0.5,11
chr1,38592000.0,38656000.0,chr1,38816000.0,38912000.0,64000.0,2,32000.0,1,1,1,1,0.5,11
chr1,38816000.0,39040000.0,chr1,38784000.0,39040000.0,224000.0,7,32000.0,1,1,1,1,0.5,11
chr1,40288000.0,40320000.0,chr1,38848000.0,38880000.0,32000.0,1,32000.0,1,1,1,1,0.5,11
chr1,38944000.0,39008000.0,chr1,39136000.0,39232000.0,64000.0,2,32000.0,1,1,1,1,0.5,11
chr1,39136000.0,39232000.0,chr1,39136000.0,39232000.0,96000.0,3,32000.0,1,1,1,1,0.5,11
chr1,39264000.0,39360000.0,chr1,39232000.0,39328000.0,96000.0,3,32000.0,1,1,1,1,0.5,11
chr1,39904000.0,39968000.0,chr1,39872000.0,39936000.0,64000.0,2,32000.0,1,1,1,1,0.5,11
chr1,38272000.0,38464000.0,chr1,40000000.0,40192000.0,192000.0,6,32000.0,1,1,1,1,0.5,11
chr1,38016000.0,38432000.0,chr1,40064000.0,40448000.0,416000.0,13,32000.0,1,1,1,1,0.5,11
chr1,40480000.0,40640000.0,chr1,40160000.0,40320000.0,160000.0,5,32000.0,1,1,1,1,0.5,11
chr1,37824000.0,38176000.0,chr1,40224000.0,40448000.0,352000.0,11,32000.0,1,1,1,1,0.5,11
chr1,40192000.0,40416000.0,chr1,40192000.0,40416000.0,224000.0,7,32000.0,1,1,1,1,0.5,11
chr1,39872000.0,39936000.0,chr1,40256000.0,40288000.0,64000.0,2,32000.0,1,1,1,1,0.5,11
chr1,40000000.0,40128000.0,chr1,40288000.0,40384000.0,128000.0,4,32000.0,1,1,1,1,0.5,11
chr1,40448000.0,40800000.0,chr1,40416000.0,40768000.0,352000.0,11,32000.0,1,1,1,1,0.5,11
chr1,38144000.0,38368000.0,chr1,40480000.0,40704000.0,224000.0,7,32000.0,1,1,1,1,0.5,11
chr1,40160000.0,40384000.0,chr1,40480000.0,40672000.0,224000.0,7,32000.0,1,1,1,1,0.5,11
chr1,40864000.0,40960000.0,chr1,40864000.0,40960000.0,96000.0,3,32000.0,1,1,1,1,0.5,11
chr1,41056000.0,41344000.0,chr1,41056000.0,41312000.0,288000.0,9,32000.0,1,1,1,1,0.5,11
chr1,41120000.0,41216000.0,chr1,41344000.0,41440000.0,96000.0,3,32000.0,1,1,1,1,0.5,11
chr1,41376000.0,41408000.0,chr1,41344000.0,41376000.0,32000.0,1,32000.0,1,1,1,1,0.5,11
chr1,41504000.0,41600000.0,chr1,41504000.0,41600000.0,96000.0,3,32000.0,1,1,1,1,0.5,11
chr1,41184000.0,41248000.0,chr1,41568000.0,41600000.0,64000.0,2,32000.0,1,1,1,1,0.5,11
chr1,41792000.0,41856000.0,chr1,41568000.0,41632000.0,64000.0,2,32000.0,1,1,1,1,0.5,11
chr1,41792000.0,41952000.0,chr1,41760000.0,41920000.0,160000.0,5,32000.0,1,1,1,1,0.5,11
chr1,41600000.0,41632000.0,chr1,41792000.0,41824000.0,32000.0,1,32000.0,1,1,1,1,0.5,11
chr1,42016000.0,42208000.0,chr1,42016000.0,42208000.0,192000.0,6,32000.0,1,1,1,1,0.5,11
chr1,41760000.0,41888000.0,chr1,42080000.0,42208000.0,128000.0,4,32000.0,1,1,1,1,0.5,11
chr1,42496000.0,42624000.0,chr1,42496000.0,42592000.0,128000.0,4,32000.0,1,1,1,1,0.5,11
chr1,42688000.0,43008000.0,chr1,42688000.0,43008000.0,320000.0,10,32000.0,1,1,1,1,0.5,11
chr1,42496000.0,42592000.0,chr1,42752000.0,42848000.0,96000.0,3,32000.0,1,1,1,1,0.5,11
chr1,43072000.0,43168000.0,chr1,43040000.0,43136000.0,96000.0,3,32000.0,1,1,1,1,0.5,11
chr1,42880000.0,42944000.0,chr1,43072000.0,43168000.0,64000.0,2,32000.0,1,1,1,1,0.5,11
chr1,43232000.0,43360000.0,chr1,43200000.0,43360000.0,128000.0,4,32000.0,1,1,1,1,0.5,11
chr1,43616000.0,43776000.0,chr1,43584000.0,43776000.0,160000.0,5,32000.0,1,1,1,1,0.5,11
chr1,43904000.0,44064000.0,chr1,43872000.0,44032000.0,160000.0,5,32000.0,1,1,1,1,0.5,11
chr1,44224000.0,44576000.0,chr1,44192000.0,44544000.0,352000.0,11,32000.0,1,1,1,1,0.5,11
chr1,44608000.0,44640000.0,chr1,44576000.0,44640000.0,32000.0,1,32000.0,1,1,1,1,0.5,11
chr1,44800000.0,44832000.0,chr1,44768000.0,44832000.0,32000.0,1,32000.0,1,1,1,1,0.5,11
chr1,44960000.0,45152000.0,chr1,44960000.0,45120000.0,192000.0,6,32000.0,1,1,1,1,0.5,11
chr1,45504000.0,45568000.0,chr1,45472000.0,45568000.0,64000.0,2,32000.0,1,1,1,1,0.5,11
chr1,46560000.0,46688000.0,chr1,46560000.0,46656000.0,128000.0,4,32000.0,1,1,1,1,0.5,11
chr1,46784000.0,46976000.0,chr1,46784000.0,46976000.0,192000.0,6,32000.0,1,1,1,1,0.5,11
chr1,47232000.0,47328000.0,chr1,47232000.0,47328000.0,96000.0,3,32000.0,1,1,1,1,0.5,11
chr1,47680000.0,47904000.0,chr1,47680000.0,47872000.0,224000.0,7,32000.0,1,1,1,1,0.5,11
chr1,48064000.0,48128000.0,chr1,48064000.0,48128000.0,64000.0,2,32000.0,1,1,1,1,0.5,11
chr1,48320000.0,48480000.0,chr1,48288000.0,48448000.0,160000.0,5,32000.0,1,1,1,1,0.5,11
chr1,48352000.0,48416000.0,chr1,48544000.0,48640000.0,64000.0,2,32000.0,1,1,1,1,0.5,11
chr1,48544000.0,48672000.0,chr1,48512000.0,48672000.0,128000.0,4,32000.0,1,1,1,1,0.5,11
chr1,48832000.0,48928000.0,chr1,48832000.0,48896000.0,96000.0,3,32000.0,1,1,1,1,0.5,11
chr1,48928000.0,48960000.0,chr1,48896000.0,48960000.0,32000.0,1,32000.0,1,1,1,1,0.5,11
chr1,49184000.0,49312000.0,chr1,49184000.0,49280000.0,128000.0,4,32000.0,1,1,1,1,0.5,11
chr1,49504000.0,49632000.0,chr1,49504000.0,49600000.0,128000.0,4,32000.0,1,1,1,1,0.5,11
chr1,49664000.0,49856000.0,chr1,49632000.0,49824000.0,192000.0,6,32000.0,1,1,1,1,0.5,11
chr1,49952000.0,50080000.0,chr1,49664000.0,49792000.0,128000.0,4,32000.0,1,1,1,1,0.5,11
chr1,49920000.0,50176000.0,chr1,49888000.0,50144000.0,256000.0,8,32000.0,1,1,1,1,0.5,11
chr1,51072000.0,51104000.0,chr1,49856000.0,49888000.0,32000.0,1,32000.0,1,1,1,1,0.5,11
chr1,49632000.0,49824000.0,chr1,49920000.0,50080000.0,192000.0,6,32000.0,1,1,1,1,0.5,11
chr1,50944000.0,51168000.0,chr1,49920000.0,50144000.0,224000.0,7,32000.0,1,1,1,1,0.5,11
chr1,50720000.0,50912000.0,chr1,50016000.0,50144000.0,192000.0,6,32000.0,1,1,1,1,0.5,11
chr1,50080000.0,50176000.0,chr1,50304000.0,50400000.0,96000.0,3,32000.0,1,1,1,1,0.5,11
chr1,50336000.0,50560000.0,chr1,50304000.0,50560000.0,224000.0,7,32000.0,1,1,1,1,0.5,11
chr1,50016000.0,50080000.0,chr1,50400000.0,50528000.0,64000.0,2,32000.0,1,1,1,1,0.5,11
chr1,51008000.0,51072000.0,chr1,50464000.0,50560000.0,64000.0,2,32000.0,1,1,1,1,0.5,11
chr1,50656000.0,50880000.0,chr1,50656000.0,50880000.0,224000.0,7,32000.0,1,1,1,1,0.5,11
chr1,50048000.0,50080000.0,chr1,50688000.0,50816000.0,32000.0,1,32000.0,1,1,1,1,0.5,11
chr1,51008000.0,51104000.0,chr1,50688000.0,50848000.0,96000.0,3,32000.0,1,1,1,1,0.5,11
chr1,50048000.0,50080000.0,chr1,50848000.0,50880000.0,32000.0,1,32000.0,1,1,1,1,0.5,11
chr1,49952000.0,50176000.0,chr1,50912000.0,51136000.0,224000.0,7,32000.0,1,1,1,1,0.5,11
chr1,50688000.0,50880000.0,chr1,50976000.0,51104000.0,192000.0,6,32000.0,1,1,1,1,0.5,11
chr1,50976000.0,51232000.0,chr1,50944000.0,51200000.0,256000.0,8,32000.0,1,1,1,1,0.5,11
chr1,49824000.0,49952000.0,chr1,51040000.0,51200000.0,128000.0,4,32000.0,1,1,1,1,0.5,11
chr1,51040000.0,51072000.0,chr1,51360000.0,51424000.0,32000.0,1,32000.0,1,1,1,1,0.5,11
chr1,51360000.0,51520000.0,chr1,51328000.0,51520000.0,160000.0,5,32000.0,1,1,1,1,0.5,11
chr1,51552000.0,51680000.0,chr1,51552000.0,51680000.0,128000.0,4,32000.0,1,1,1,1,0.5,11
chr1,51392000.0,51424000.0,chr1,51616000.0,51648000.0,32000.0,1,32000.0,1,1,1,1,0.5,11
chr1,51808000.0,51968000.0,chr1,51776000.0,51936000.0,160000.0,5,32000.0,1,1,1,1,0.5,11
chr1,51584000.0,51648000.0,chr1,51840000.0,51904000.0,64000.0,2,32000.0,1,1,1,1,0.5,11
chr1,52480000.0,52512000.0,chr1,52448000.0,52480000.0,32000.0,1,32000.0,1,1,1,1,0.5,11
chr1,53088000.0,53216000.0,chr1,53088000.0,53216000.0,128000.0,4,32000.0,1,1,1,1,0.5,11
chr1,53248000.0,53280000.0,chr1,53216000.0,53248000.0,32000.0,1,32000.0,1,1,1,1,0.5,11
chr1,53312000.0,53408000.0,chr1,53280000.0,53408000.0,96000.0,3,32000.0,1,1,1,1,0.5,11
chr1,54336000.0,54400000.0,chr1,54304000.0,54368000.0,64000.0,2,32000.0,1,1,1,1,0.5,11
chr1,54720000.0,54784000.0,chr1,54688000.0,54752000.0,64000.0,2,32000.0,1,1,1,1,0.5,11
chr1,54912000.0,54944000.0,chr1,54880000.0,54944000.0,32000.0,1,32000.0,1,1,1,1,0.5,11
chr1,54976000.0,55072000.0,chr1,54944000.0,55072000.0,96000.0,3,32000.0,1,1,1,1,0.5,11
chr1,55744000.0,55904000.0,chr1,55136000.0,55264000.0,160000.0,5,32000.0,1,1,1,1,0.5,11
chr1,56576000.0,56672000.0,chr1,55136000.0,55328000.0,96000.0,3,32000.0,1,1,1,1,0.5,11
chr1,55168000.0,55360000.0,chr1,55168000.0,55360000.0,192000.0,6,32000.0,1,1,1,1,0.5,11
chr1,55584000.0,55680000.0,chr1,55168000.0,55360000.0,96000.0,3,32000.0,1,1,1,1,0.5,11
chr1,56512000.0,56736000.0,chr1,55456000.0,55680000.0,224000.0,7,32000.0,1,1,1,1,0.5,11
chr1,55168000.0,55424000.0,chr1,55520000.0,55680000.0,256000.0,8,32000.0,1,1,1,1,0.5,11
chr1,55520000.0,55712000.0,chr1,55488000.0,55680000.0,192000.0,6,32000.0,1,1,1,1,0.5,11
chr1,55744000.0,55936000.0,chr1,55488000.0,55648000.0,192000.0,6,32000.0,1,1,1,1,0.5,11
chr1,56320000.0,56640000.0,chr1,55552000.0,55840000.0,320000.0,10,32000.0,1,1,1,1,0.5,11
chr1,55136000.0,55264000.0,chr1,55744000.0,55904000.0,128000.0,4,32000.0,1,1,1,1,0.5,11
chr1,55520000.0,55680000.0,chr1,55744000.0,55904000.0,160000.0,5,32000.0,1,1,1,1,0.5,11
chr1,55776000.0,55904000.0,chr1,55776000.0,55904000.0,128000.0,4,32000.0,1,1,1,1,0.5,11
chr1,55584000.0,55616000.0,chr1,56384000.0,56416000.0,32000.0,1,32000.0,1,1,1,1,0.5,11
chr1,56512000.0,56704000.0,chr1,56480000.0,56704000.0,192000.0,6,32000.0,1,1,1,1,0.5,11
chr1,55136000.0,55360000.0,chr1,56512000.0,56704000.0,224000.0,7,32000.0,1,1,1,1,0.5,11
chr1,55520000.0,55680000.0,chr1,56512000.0,56736000.0,160000.0,5,32000.0,1,1,1,1,0.5,11
chr1,55712000.0,55904000.0,chr1,56512000.0,56640000.0,192000.0,6,32000.0,1,1,1,1,0.5,11
chr1,57344000.0,57472000.0,chr1,57344000.0,57440000.0,128000.0,4,32000.0,1,1,1,1,0.5,11
chr1,57568000.0,57632000.0,chr1,57568000.0,57600000.0,64000.0,2,32000.0,1,1,1,1,0.5,11
chr1,58144000.0,58208000.0,chr1,58112000.0,58208000.0,64000.0,2,32000.0,1,1,1,1,0.5,11
chr1,58624000.0,58784000.0,chr1,58624000.0,58752000.0,160000.0,5,32000.0,1,1,1,1,0.5,11
chr1,58720000.0,58752000.0,chr1,58912000.0,58944000.0,32000.0,1,32000.0,1,1,1,1,0.5,11
chr1,58912000.0,59040000.0,chr1,58880000.0,59008000.0,128000.0,4,32000.0,1,1,1,1,0.5,11
chr1,59264000.0,59520000.0,chr1,59264000.0,59520000.0,256000.0,8,32000.0,1,1,1,1,0.5,11
chr1,59808000.0,59904000.0,chr1,59808000.0,59872000.0,96000.0,3,32000.0,1,1,1,1,0.5,11
chr1,60064000.0,60256000.0,chr1,60064000.0,60256000.0,192000.0,6,32000.0,1,1,1,1,0.5,11
chr1,60768000.0,60864000.0,chr1,60768000.0,60864000.0,96000.0,3,32000.0,1,1,1,1,0.5,11
chr1,61280000.0,61440000.0,chr1,61280000.0,61408000.0,160000.0,5,32000.0,1,1,1,1,0.5,11
chr1,61536000.0,61664000.0,chr1,61536000.0,61632000.0,128000.0,4,32000.0,1,1,1,1,0.5,11
chr1,61760000.0,61824000.0,chr1,61728000.0,61824000.0,64000.0,2,32000.0,1,1,1,1,0.5,11
chr1,62688000.0,62880000.0,chr1,62688000.0,62848000.0,192000.0,6,32000.0,1,1,1,1,0.5,11
chr1,62944000.0,63072000.0,chr1,62688000.0,62848000.0,128000.0,4,32000.0,1,1,1,1,0.5,11
chr1,62688000.0,62880000.0,chr1,62912000.0,63104000.0,192000.0,6,32000.0,1,1,1,1,0.5,11
chr1,62944000.0,63136000.0,chr1,62912000.0,63104000.0,192000.0,6,32000.0,1,1,1,1,0.5,11
chr1,63232000.0,63328000.0,chr1,63232000.0,63328000.0,96000.0,3,32000.0,1,1,1,1,0.5,11
chr1,63456000.0,63488000.0,chr1,63424000.0,63488000.0,32000.0,1,32000.0,1,1,1,1,0.5,11
chr1,63744000.0,63776000.0,chr1,63712000.0,63776000.0,32000.0,1,32000.0,1,1,1,1,0.5,11
chr1,64000000.0,64128000.0,chr1,63968000.0,64128000.0,128000.0,4,32000.0,1,1,1,1,0.5,11
chr1,67904000.0,68032000.0,chr1,63936000.0,64096000.0,128000.0,4,32000.0,1,1,1,1,0.5,11
chr1,68128000.0,68256000.0,chr1,63936000.0,64096000.0,128000.0,4,32000.0,1,1,1,1,0.5,11
chr1,64256000.0,64320000.0,chr1,64000000.0,64096000.0,64000.0,2,32000.0,1,1,1,1,0.5,11
chr1,64192000.0,64416000.0,chr1,64160000.0,64384000.0,224000.0,7,32000.0,1,1,1,1,0.5,11
chr1,67808000.0,68288000.0,chr1,64128000.0,64448000.0,480000.0,15,32000.0,1,1,1,1,0.5,11
chr1,63968000.0,64128000.0,chr1,64224000.0,64384000.0,160000.0,5,32000.0,1,1,1,1,0.5,11
chr1,64704000.0,64800000.0,chr1,64704000.0,64800000.0,96000.0,3,32000.0,1,1,1,1,0.5,11
chr1,65280000.0,65440000.0,chr1,65248000.0,65408000.0,160000.0,5,32000.0,1,1,1,1,0.5,11
chr1,65664000.0,65792000.0,chr1,65312000.0,65440000.0,128000.0,4,32000.0,1,1,1,1,0.5,11
chr1,65312000.0,65472000.0,chr1,65632000.0,65792000.0,160000.0,5,32000.0,1,1,1,1,0.5,11
chr1,65664000.0,65824000.0,chr1,65632000.0,65824000.0,160000.0,5,32000.0,1,1,1,1,0.5,11
chr1,66112000.0,66144000.0,chr1,66080000.0,66144000.0,32000.0,1,32000.0,1,1,1,1,0.5,11
chr1,67328000.0,67360000.0,chr1,67296000.0,67328000.0,32000.0,1,32000.0,1,1,1,1,0.5,11
chr1,67712000.0,67840000.0,chr1,67712000.0,67840000.0,128000.0,4,32000.0,1,1,1,1,0.5,11
chr1,64256000.0,64448000.0,chr1,67872000.0,68064000.0,192000.0,6,32000.0,1,1,1,1,0.5,11
chr1,63936000.0,64128000.0,chr1,67904000.0,68000000.0,192000.0,6,32000.0,1,1,1,1,0.5,11
chr1,64160000.0,64416000.0,chr1,68032000.0,68288000.0,256000.0,8,32000.0,1,1,1,1,0.5,11
chr1,68032000.0,68256000.0,chr1,68032000.0,68256000.0,224000.0,7,32000.0,1,1,1,1,0.5,11
chr1,63904000.0,64192000.0,chr1,68096000.0,68288000.0,288000.0,9,32000.0,1,1,1,1,0.5,11
chr1,67904000.0,67968000.0,chr1,68096000.0,68192000.0,64000.0,2,32000.0,1,1,1,1,0.5,11
chr1,64224000.0,64288000.0,chr1,68288000.0,68320000.0,64000.0,2,32000.0,1,1,1,1,0.5,11
chr1,71232000.0,71360000.0,chr1,71232000.0,71360000.0,128000.0,4,32000.0,1,1,1,1,0.5,11
chr1,71776000.0,71808000.0,chr1,71744000.0,71808000.0,32000.0,1,32000.0,1,1,1,1,0.5,11
chr1,72128000.0,72224000.0,chr1,72128000.0,72224000.0,96000.0,3,32000.0,1,1,1,1,0.5,11
chr1,72352000.0,72416000.0,chr1,72320000.0,72416000.0,64000.0,2,32000.0,1,1,1,1,0.5,11
chr1,72736000.0,72928000.0,chr1,72704000.0,72928000.0,192000.0,6,32000.0,1,1,1,1,0.5,11
chr1,72512000.0,72544000.0,chr1,72768000.0,72832000.0,32000.0,1,32000.0,1,1,1,1,0.5,11
chr1,72576000.0,72640000.0,chr1,72800000.0,72864000.0,64000.0,2,32000.0,1,1,1,1,0.5,11
chr1,73056000.0,73152000.0,chr1,73056000.0,73120000.0,96000.0,3,32000.0,1,1,1,1,0.5,11
chr1,73248000.0,73280000.0,chr1,73216000.0,73248000.0,32000.0,1,32000.0,1,1,1,1,0.5,11
chr1,75072000.0,75264000.0,chr1,74080000.0,74272000.0,192000.0,6,32000.0,1,1,1,1,0.5,11
chr1,74144000.0,74272000.0,chr1,74112000.0,74272000.0,128000.0,4,32000.0,1,1,1,1,0.5,11
chr1,75008000.0,75040000.0,chr1,74208000.0,74240000.0,32000.0,1,32000.0,1,1,1,1,0.5,11
chr1,75136000.0,75232000.0,chr1,74336000.0,74400000.0,96000.0,3,32000.0,1,1,1,1,0.5,11
chr1,74112000.0,74272000.0,chr1,75072000.0,75264000.0,160000.0,5,32000.0,1,1,1,1,0.5,11
chr1,75136000.0,75296000.0,chr1,75104000.0,75296000.0,160000.0,5,32000.0,1,1,1,1,0.5,11
chr1,76640000.0,76832000.0,chr1,75584000.0,75808000.0,192000.0,6,32000.0,1,1,1,1,0.5,11
chr1,75648000.0,75840000.0,chr1,75648000.0,75840000.0,192000.0,6,32000.0,1,1,1,1,0.5,11
chr1,75488000.0,75520000.0,chr1,75712000.0,75744000.0,32000.0,1,32000.0,1,1,1,1,0.5,11
chr1,76544000.0,76576000.0,chr1,75744000.0,75776000.0,32000.0,1,32000.0,1,1,1,1,0.5,11
chr1,76672000.0,76736000.0,chr1,75872000.0,75936000.0,64000.0,2,32000.0,1,1,1,1,0.5,11
chr1,75616000.0,75840000.0,chr1,76640000.0,76832000.0,224000.0,7,32000.0,1,1,1,1,0.5,11
chr1,76672000.0,76832000.0,chr1,76640000.0,76832000.0,160000.0,5,32000.0,1,1,1,1,0.5,11
chr1,77632000.0,77792000.0,chr1,77632000.0,77792000.0,160000.0,5,32000.0,1,1,1,1,0.5,11
chr1,77952000.0,78112000.0,chr1,77632000.0,77760000.0,160000.0,5,32000.0,1,1,1,1,0.5,11
chr1,77888000.0,78112000.0,chr1,77888000.0,78112000.0,224000.0,7,32000.0,1,1,1,1,0.5,11
chr1,77664000.0,77760000.0,chr1,77952000.0,78080000.0,96000.0,3,32000.0,1,1,1,1,0.5,11
chr1,78368000.0,78528000.0,chr1,78368000.0,78496000.0,160000.0,5,32000.0,1,1,1,1,0.5,11
chr1,78016000.0,78048000.0,chr1,78400000.0,78432000.0,32000.0,1,32000.0,1,1,1,1,0.5,11
chr1,78912000.0,79040000.0,chr1,78912000.0,79040000.0,128000.0,4,32000.0,1,1,1,1,0.5,11
chr1,79296000.0,79360000.0,chr1,79264000.0,79360000.0,64000.0,2,32000.0,1,1,1,1,0.5,11
chr1,79424000.0,79520000.0,chr1,79424000.0,79520000.0,96000.0,3,32000.0,1,1,1,1,0.5,11
chr1,79776000.0,79936000.0,chr1,79744000.0,79904000.0,160000.0,5,32000.0,1,1,1,1,0.5,11
chr1,80832000.0,80960000.0,chr1,80832000.0,80928000.0,128000.0,4,32000.0,1,1,1,1,0.5,11
chr1,81184000.0,81312000.0,chr1,81184000.0,81280000.0,128000.0,4,32000.0,1,1,1,1,0.5,11
chr1,81344000.0,81376000.0,chr1,81312000.0,81376000.0,32000.0,1,32000.0,1,1,1,1,0.5,11
chr1,81568000.0,81728000.0,chr1,81536000.0,81728000.0,160000.0,5,32000.0,1,1,1,1,0.5,11
chr1,81344000.0,81440000.0,chr1,81600000.0,81696000.0,96000.0,3,32000.0,1,1,1,1,0.5,11
chr1,81280000.0,81312000.0,chr1,81664000.0,81728000.0,32000.0,1,32000.0,1,1,1,1,0.5,11
chr1,81600000.0,81696000.0,chr1,81824000.0,81920000.0,96000.0,3,32000.0,1,1,1,1,0.5,11
chr1,81824000.0,81920000.0,chr1,81792000.0,81888000.0,96000.0,3,32000.0,1,1,1,1,0.5,11
chr1,82656000.0,82720000.0,chr1,82624000.0,82688000.0,64000.0,2,32000.0,1,1,1,1,0.5,11
chr1,83072000.0,83264000.0,chr1,83040000.0,83232000.0,192000.0,6,32000.0,1,1,1,1,0.5,11
chr1,83424000.0,83584000.0,chr1,83392000.0,83584000.0,160000.0,5,32000.0,1,1,1,1,0.5,11
chr1,83136000.0,83200000.0,chr1,83456000.0,83520000.0,64000.0,2,32000.0,1,1,1,1,0.5,11
chr1,83936000.0,84064000.0,chr1,83936000.0,84064000.0,128000.0,4,32000.0,1,1,1,1,0.5,11
chr1,86240000.0,86592000.0,chr1,83936000.0,84256000.0,352000.0,11,32000.0,1,1,1,1,0.5,11
chr1,84224000.0,84288000.0,chr1,83968000.0,84032000.0,64000.0,2,32000.0,1,1,1,1,0.5,11
chr1,85856000.0,85984000.0,chr1,83968000.0,84064000.0,128000.0,4,32000.0,1,1,1,1,0.5,11
chr1,86048000.0,86560000.0,chr1,83968000.0,84576000.0,512000.0,16,32000.0,1,1,1,1,0.5,11
chr1,84128000.0,84352000.0,chr1,84128000.0,84320000.0,224000.0,7,32000.0,1,1,1,1,0.5,11
chr1,83936000.0,84064000.0,chr1,84160000.0,84320000.0,128000.0,4,32000.0,1,1,1,1,0.5,11
chr1,84448000.0,84544000.0,chr1,84160000.0,84256000.0,96000.0,3,32000.0,1,1,1,1,0.5,11
chr1,85824000.0,86368000.0,chr1,84160000.0,84640000.0,544000.0,17,32000.0,1,1,1,1,0.5,11
chr1,83424000.0,83456000.0,chr1,84224000.0,84256000.0,32000.0,1,32000.0,1,1,1,1,0.5,11
chr1,84128000.0,84288000.0,chr1,84384000.0,84576000.0,160000.0,5,32000.0,1,1,1,1,0.5,11
chr1,84448000.0,84544000.0,chr1,84416000.0,84544000.0,96000.0,3,32000.0,1,1,1,1,0.5,11
chr1,84704000.0,84896000.0,chr1,84672000.0,84864000.0,192000.0,6,32000.0,1,1,1,1,0.5,11
chr1,85088000.0,85120000.0,chr1,84864000.0,84896000.0,32000.0,1,32000.0,1,1,1,1,0.5,11
chr1,84864000.0,84928000.0,chr1,85088000.0,85120000.0,64000.0,2,32000.0,1,1,1,1,0.5,11
chr1,85056000.0,85152000.0,chr1,85056000.0,85152000.0,96000.0,3,32000.0,1,1,1,1,0.5,11
chr1,85824000.0,86048000.0,chr1,85792000.0,86048000.0,224000.0,7,32000.0,1,1,1,1,0.5,11
chr1,83968000.0,84096000.0,chr1,85824000.0,85984000.0,128000.0,4,32000.0,1,1,1,1,0.5,11
chr1,84224000.0,84320000.0,chr1,85824000.0,85984000.0,96000.0,3,32000.0,1,1,1,1,0.5,11
chr1,86176000.0,86336000.0,chr1,85824000.0,85984000.0,160000.0,5,32000.0,1,1,1,1,0.5,11
chr1,84224000.0,84608000.0,chr1,86048000.0,86336000.0,384000.0,12,32000.0,1,1,1,1,0.5,11
chr1,84000000.0,84576000.0,chr1,86080000.0,86528000.0,576000.0,18,32000.0,1,1,1,1,0.5,11
chr1,85792000.0,86016000.0,chr1,86144000.0,86368000.0,224000.0,7,32000.0,1,1,1,1,0.5,11
chr1,86144000.0,86368000.0,chr1,86144000.0,86368000.0,224000.0,7,32000.0,1,1,1,1,0.5,11
chr1,86432000.0,86560000.0,chr1,86176000.0,86304000.0,128000.0,4,32000.0,1,1,1,1,0.5,11
chr1,83904000.0,84320000.0,chr1,86208000.0,86624000.0,416000.0,13,32000.0,1,1,1,1,0.5,11
chr1,86176000.0,86336000.0,chr1,86400000.0,86592000.0,160000.0,5,32000.0,1,1,1,1,0.5,11
chr1,86400000.0,86560000.0,chr1,86400000.0,86560000.0,160000.0,5,32000.0,1,1,1,1,0.5,11
chr1,86752000.0,86880000.0,chr1,86752000.0,86848000.0,128000.0,4,32000.0,1,1,1,1,0.5,11
chr1,87168000.0,87200000.0,chr1,87168000.0,87200000.0,32000.0,1,32000.0,1,1,1,1,0.5,11
chr1,87296000.0,87456000.0,chr1,87264000.0,87456000.0,160000.0,5,32000.0,1,1,1,1,0.5,11
chr1,87328000.0,87392000.0,chr1,87552000.0,87648000.0,64000.0,2,32000.0,1,1,1,1,0.5,11
chr1,87904000.0,87968000.0,chr1,87872000.0,87936000.0,64000.0,2,32000.0,1,1,1,1,0.5,11
chr1,88096000.0,88224000.0,chr1,88064000.0,88192000.0,128000.0,4,32000.0,1,1,1,1,0.5,11
chr1,88384000.0,88416000.0,chr1,88096000.0,88160000.0,32000.0,1,32000.0,1,1,1,1,0.5,11
chr1,88320000.0,88640000.0,chr1,88288000.0,88608000.0,320000.0,10,32000.0,1,1,1,1,0.5,11
chr1,88064000.0,88192000.0,chr1,88320000.0,88480000.0,128000.0,4,32000.0,1,1,1,1,0.5,11
chr1,88992000.0,89088000.0,chr1,88992000.0,89088000.0,96000.0,3,32000.0,1,1,1,1,0.5,11
chr1,89312000.0,89440000.0,chr1,89280000.0,89440000.0,128000.0,4,32000.0,1,1,1,1,0.5,11
chr1,89568000.0,89664000.0,chr1,89536000.0,89664000.0,96000.0,3,32000.0,1,1,1,1,0.5,11
chr1,89344000.0,89408000.0,chr1,89600000.0,89632000.0,64000.0,2,32000.0,1,1,1,1,0.5,11
chr1,89760000.0,89984000.0,chr1,89760000.0,89984000.0,224000.0,7,32000.0,1,1,1,1,0.5,11
chr1,90560000.0,90624000.0,chr1,90528000.0,90592000.0,64000.0,2,32000.0,1,1,1,1,0.5,11
chr1,91360000.0,91520000.0,chr1,91360000.0,91520000.0,160000.0,5,32000.0,1,1,1,1,0.5,11
chr1,92448000.0,92512000.0,chr1,92448000.0,92512000.0,64000.0,2,32000.0,1,1,1,1,0.5,11
chr1,92544000.0,92608000.0,chr1,92544000.0,92608000.0,64000.0,2,32000.0,1,1,1,1,0.5,11
chr1,92640000.0,92704000.0,chr1,92608000.0,92704000.0,64000.0,2,32000.0,1,1,1,1,0.5,11
chr1,94144000.0,94336000.0,chr1,94144000.0,94304000.0,192000.0,6,32000.0,1,1,1,1,0.5,11
chr1,94944000.0,95104000.0,chr1,94912000.0,95072000.0,160000.0,5,32000.0,1,1,1,1,0.5,11
chr1,95328000.0,95488000.0,chr1,95328000.0,95488000.0,160000.0,5,32000.0,1,1,1,1,0.5,11
chr1,95712000.0,95744000.0,chr1,95328000.0,95392000.0,32000.0,1,32000.0,1,1,1,1,0.5,11
chr1,95808000.0,95840000.0,chr1,95744000.0,95808000.0,32000.0,1,32000.0,1,1,1,1,0.5,11
chr1,95328000.0,95424000.0,chr1,95904000.0,96064000.0,96000.0,3,32000.0,1,1,1,1,0.5,11
chr1,95744000.0,95840000.0,chr1,95968000.0,96064000.0,96000.0,3,32000.0,1,1,1,1,0.5,11
chr1,95936000.0,96160000.0,chr1,95936000.0,96128000.0,224000.0,7,32000.0,1,1,1,1,0.5,11
chr1,98080000.0,98368000.0,chr1,98080000.0,98336000.0,288000.0,9,32000.0,1,1,1,1,0.5,11
chr1,98272000.0,98304000.0,chr1,98080000.0,98112000.0,32000.0,1,32000.0,1,1,1,1,0.5,11
chr1,99168000.0,99200000.0,chr1,99136000.0,99168000.0,32000.0,1,32000.0,1,1,1,1,0.5,11
chr1,100512000.0,100640000.0,chr1,100480000.0,100640000.0,128000.0,4,32000.0,1,1,1,1,0.5,11
chr1,101056000.0,101152000.0,chr1,100480000.0,100608000.0,96000.0,3,32000.0,1,1,1,1,0.5,11
chr1,101088000.0,101120000.0,chr1,100704000.0,100768000.0,32000.0,1,32000.0,1,1,1,1,0.5,11
chr1,100512000.0,100608000.0,chr1,101024000.0,101152000.0,96000.0,3,32000.0,1,1,1,1,0.5,11
chr1,101056000.0,101184000.0,chr1,101024000.0,101184000.0,128000.0,4,32000.0,1,1,1,1,0.5,11
chr1,101664000.0,101696000.0,chr1,101632000.0,101696000.0,32000.0,1,32000.0,1,1,1,1,0.5,11
chr1,102080000.0,102144000.0,chr1,102048000.0,102112000.0,64000.0,2,32000.0,1,1,1,1,0.5,11
chr1,102240000.0,102368000.0,chr1,102240000.0,102368000.0,128000.0,4,32000.0,1,1,1,1,0.5,11
chr1,102176000.0,102304000.0,chr1,102656000.0,102752000.0,128000.0,4,32000.0,1,1,1,1,0.5,11
chr1,102720000.0,102784000.0,chr1,102688000.0,102784000.0,64000.0,2,32000.0,1,1,1,1,0.5,11
chr1,102912000.0,103104000.0,chr1,102912000.0,103072000.0,192000.0,6,32000.0,1,1,1,1,0.5,11
chr1,102976000.0,103040000.0,chr1,103200000.0,103296000.0,64000.0,2,32000.0,1,1,1,1,0.5,11
chr1,103200000.0,103232000.0,chr1,103168000.0,103232000.0,32000.0,1,32000.0,1,1,1,1,0.5,11
chr1,103264000.0,103296000.0,chr1,103232000.0,103296000.0,32000.0,1,32000.0,1,1,1,1,0.5,11
chr1,103680000.0,103808000.0,chr1,103648000.0,103808000.0,128000.0,4,32000.0,1,1,1,1,0.5,11
chr1,103936000.0,104032000.0,chr1,103904000.0,104032000.0,96000.0,3,32000.0,1,1,1,1,0.5,11
chr1,103680000.0,103712000.0,chr1,104032000.0,104096000.0,32000.0,1,32000.0,1,1,1,1,0.5,11
chr1,104064000.0,104096000.0,chr1,104032000.0,104096000.0,32000.0,1,32000.0,1,1,1,1,0.5,11
chr1,104224000.0,104352000.0,chr1,104224000.0,104352000.0,128000.0,4,32000.0,1,1,1,1,0.5,11
chr1,104448000.0,104768000.0,chr1,104416000.0,104768000.0,320000.0,10,32000.0,1,1,1,1,0.5,11
chr1,104256000.0,104352000.0,chr1,104448000.0,104576000.0,96000.0,3,32000.0,1,1,1,1,0.5,11
chr1,104480000.0,104544000.0,chr1,104704000.0,104736000.0,64000.0,2,32000.0,1,1,1,1,0.5,11
chr1,104928000.0,105088000.0,chr1,104928000.0,105088000.0,160000.0,5,32000.0,1,1,1,1,0.5,11
chr1,104544000.0,104608000.0,chr1,105056000.0,105152000.0,64000.0,2,32000.0,1,1,1,1,0.5,11
chr1,104640000.0,104672000.0,chr1,105056000.0,105088000.0,32000.0,1,32000.0,1,1,1,1,0.5,11
chr1,105280000.0,105408000.0,chr1,105248000.0,105376000.0,128000.0,4,32000.0,1,1,1,1,0.5,11
chr1,105024000.0,105056000.0,chr1,105312000.0,105344000.0,32000.0,1,32000.0,1,1,1,1,0.5,11
chr1,105600000.0,105728000.0,chr1,105568000.0,105696000.0,128000.0,4,32000.0,1,1,1,1,0.5,11
chr1,105888000.0,106112000.0,chr1,105888000.0,106080000.0,224000.0,7,32000.0,1,1,1,1,0.5,11
chr1,106272000.0,106368000.0,chr1,105920000.0,106016000.0,96000.0,3,32000.0,1,1,1,1,0.5,11
chr1,105888000.0,106048000.0,chr1,106208000.0,106400000.0,160000.0,5,32000.0,1,1,1,1,0.5,11
chr1,106208000.0,106464000.0,chr1,106176000.0,106464000.0,256000.0,8,32000.0,1,1,1,1,0.5,11
chr1,106816000.0,106976000.0,chr1,106784000.0,106944000.0,160000.0,5,32000.0,1,1,1,1,0.5,11
chr1,107200000.0,107296000.0,chr1,107168000.0,107264000.0,96000.0,3,32000.0,1,1,1,1,0.5,11
chr1,106848000.0,106912000.0,chr1,107232000.0,107264000.0,64000.0,2,32000.0,1,1,1,1,0.5,11
chr1,107552000.0,107712000.0,chr1,107552000.0,107712000.0,160000.0,5,32000.0,1,1,1,1,0.5,11
chr1,108128000.0,108352000.0,chr1,108096000.0,108320000.0,224000.0,7,32000.0,1,1,1,1,0.5,11
chr1,108480000.0,108544000.0,chr1,108224000.0,108256000.0,64000.0,2,32000.0,1,1,1,1,0.5,11
chr1,108160000.0,108320000.0,chr1,108448000.0,108576000.0,160000.0,5,32000.0,1,1,1,1,0.5,11
chr1,108416000.0,108576000.0,chr1,108416000.0,108576000.0,160000.0,5,32000.0,1,1,1,1,0.5,11
chr1,108768000.0,108928000.0,chr1,108736000.0,108928000.0,160000.0,5,32000.0,1,1,1,1,0.5,11
chr1,108480000.0,108512000.0,chr1,108832000.0,108864000.0,32000.0,1,32000.0,1,1,1,1,0.5,11
chr1,109280000.0,109408000.0,chr1,109280000.0,109408000.0,128000.0,4,32000.0,1,1,1,1,0.5,11
chr1,109632000.0,109728000.0,chr1,109632000.0,109696000.0,96000.0,3,32000.0,1,1,1,1,0.5,11
chr1,110016000.0,110176000.0,chr1,110016000.0,110144000.0,160000.0,5,32000.0,1,1,1,1,0.5,11
chr1,110528000.0,110720000.0,chr1,110528000.0,110688000.0,192000.0,6,32000.0,1,1,1,1,0.5,11
chr1,110560000.0,110656000.0,chr1,111008000.0,111136000.0,96000.0,3,32000.0,1,1,1,1,0.5,11
chr1,111008000.0,111168000.0,chr1,110976000.0,111168000.0,160000.0,5,32000.0,1,1,1,1,0.5,11
chr1,111360000.0,111424000.0,chr1,111136000.0,111200000.0,64000.0,2,32000.0,1,1,1,1,0.5,11
chr1,111136000.0,111232000.0,chr1,111328000.0,111456000.0,96000.0,3,32000.0,1,1,1,1,0.5,11
chr1,111296000.0,111616000.0,chr1,111296000.0,111584000.0,320000.0,10,32000.0,1,1,1,1,0.5,11
chr1,111680000.0,111712000.0,chr1,111648000.0,111680000.0,32000.0,1,32000.0,1,1,1,1,0.5,11
chr1,112544000.0,112608000.0,chr1,112512000.0,112608000.0,64000.0,2,32000.0,1,1,1,1,0.5,11
chr1,112992000.0,113152000.0,chr1,112992000.0,113152000.0,160000.0,5,32000.0,1,1,1,1,0.5,11
chr1,113280000.0,113344000.0,chr1,113248000.0,113312000.0,64000.0,2,32000.0,1,1,1,1,0.5,11
chr1,113472000.0,113632000.0,chr1,113440000.0,113632000.0,160000.0,5,32000.0,1,1,1,1,0.5,11
chr1,113216000.0,113248000.0,chr1,113472000.0,113504000.0,32000.0,1,32000.0,1,1,1,1,0.5,11
chr1,113280000.0,113344000.0,chr1,113504000.0,113536000.0,64000.0,2,32000.0,1,1,1,1,0.5,11
chr1,114848000.0,114976000.0,chr1,114848000.0,114944000.0,128000.0,4,32000.0,1,1,1,1,0.5,11
chr1,115136000.0,115168000.0,chr1,114880000.0,114944000.0,32000.0,1,32000.0,1,1,1,1,0.5,11
chr1,114880000.0,114976000.0,chr1,115072000.0,115168000.0,96000.0,3,32000.0,1,1,1,1,0.5,11
chr1,115136000.0,115200000.0,chr1,115136000.0,115200000.0,64000.0,2,32000.0,1,1,1,1,0.5,11
chr1,118336000.0,118528000.0,chr1,118336000.0,118496000.0,192000.0,6,32000.0,1,1,1,1,0.5,11
chr1,118720000.0,118752000.0,chr1,118400000.0,118464000.0,32000.0,1,32000.0,1,1,1,1,0.5,11
chr1,118400000.0,118528000.0,chr1,118592000.0,118752000.0,128000.0,4,32000.0,1,1,1,1,0.5,11
chr1,136960000.0,137120000.0,chr1,136928000.0,137120000.0,160000.0,5,32000.0,1,1,1,1,0.5,11
chr1,137216000.0,137344000.0,chr1,136960000.0,137088000.0,128000.0,4,32000.0,1,1,1,1,0.5,11
chr1,136960000.0,137120000.0,chr1,137184000.0,137376000.0,160000.0,5,32000.0,1,1,1,1,0.5,11
chr1,137216000.0,137344000.0,chr1,137216000.0,137344000.0,128000.0,4,32000.0,1,1,1,1,0.5,11
chr1,139008000.0,139392000.0,chr1,139008000.0,139360000.0,384000.0,12,32000.0,1,1,1,1,0.5,11
chr1,139488000.0,139648000.0,chr1,139040000.0,139360000.0,160000.0,5,32000.0,1,1,1,1,0.5,11
chr1,139040000.0,139392000.0,chr1,139424000.0,139680000.0,352000.0,11,32000.0,1,1,1,1,0.5,11
chr1,139456000.0,139680000.0,chr1,139456000.0,139680000.0,224000.0,7,32000.0,1,1,1,1,0.5,11
chr1,143328000.0,143360000.0,chr1,139648000.0,139680000.0,32000.0,1,32000.0,1,1,1,1,0.5,11
chr1,140960000.0,141120000.0,chr1,140960000.0,141120000.0,160000.0,5,32000.0,1,1,1,1,0.5,11
chr1,141216000.0,141312000.0,chr1,140992000.0,141088000.0,96000.0,3,32000.0,1,1,1,1,0.5,11
chr1,140960000.0,141120000.0,chr1,141184000.0,141344000.0,160000.0,5,32000.0,1,1,1,1,0.5,11
chr1,141248000.0,141312000.0,chr1,141216000.0,141312000.0,64000.0,2,32000.0,1,1,1,1,0.5,11
chr1,141440000.0,141664000.0,chr1,141440000.0,141664000.0,224000.0,7,32000.0,1,1,1,1,0.5,11
chr1,141760000.0,141856000.0,chr1,141760000.0,141856000.0,96000.0,3,32000.0,1,1,1,1,0.5,11
chr1,141792000.0,141824000.0,chr1,141984000.0,142048000.0,32000.0,1,32000.0,1,1,1,1,0.5,11
chr1,141984000.0,142112000.0,chr1,141984000.0,142080000.0,128000.0,4,32000.0,1,1,1,1,0.5,11
chr1,142144000.0,142272000.0,chr1,142400000.0,142496000.0,128000.0,4,32000.0,1,1,1,1,0.5,11
chr1,142432000.0,142560000.0,chr1,142400000.0,142560000.0,128000.0,4,32000.0,1,1,1,1,0.5,11
chr1,143200000.0,143456000.0,chr1,143200000.0,143424000.0,256000.0,8,32000.0,1,1,1,1,0.5,11
chr1,143744000.0,143808000.0,chr1,143264000.0,143360000.0,64000.0,2,32000.0,1,1,1,1,0.5,11
chr1,143232000.0,143424000.0,chr1,143648000.0,143840000.0,192000.0,6,32000.0,1,1,1,1,0.5,11
chr1,143648000.0,143776000.0,chr1,143616000.0,143776000.0,128000.0,4,32000.0,1,1,1,1,0.5,11
chr1,144032000.0,144064000.0,chr1,144000000.0,144032000.0,32000.0,1,32000.0,1,1,1,1,0.5,11
chr1,144416000.0,144576000.0,chr1,144384000.0,144544000.0,160000.0,5,32000.0,1,1,1,1,0.5,11
chr1,144672000.0,144704000.0,chr1,144640000.0,144704000.0,32000.0,1,32000.0,1,1,1,1,0.5,11
chr1,144736000.0,144800000.0,chr1,144672000.0,144800000.0,64000.0,2,32000.0,1,1,1,1,0.5,11
chr1,144864000.0,144960000.0,chr1,144832000.0,144960000.0,96000.0,3,32000.0,1,1,1,1,0.5,11
chr1,145280000.0,145408000.0,chr1,145248000.0,145408000.0,128000.0,4,32000.0,1,1,1,1,0.5,11
chr1,145472000.0,145568000.0,chr1,145440000.0,145568000.0,96000.0,3,32000.0,1,1,1,1,0.5,11
chr1,145280000.0,145312000.0,chr1,145504000.0,145568000.0,32000.0,1,32000.0,1,1,1,1,0.5,11
chr1,145920000.0,146016000.0,chr1,145888000.0,145984000.0,96000.0,3,32000.0,1,1,1,1,0.5,11
chr1,146656000.0,146848000.0,chr1,146656000.0,146848000.0,192000.0,6,32000.0,1,1,1,1,0.5,11
chr1,146944000.0,147200000.0,chr1,146912000.0,147200000.0,256000.0,8,32000.0,1,1,1,1,0.5,11
chr1,147424000.0,147552000.0,chr1,147104000.0,147296000.0,128000.0,4,32000.0,1,1,1,1,0.5,11
chr1,147200000.0,147328000.0,chr1,147168000.0,147296000.0,128000.0,4,32000.0,1,1,1,1,0.5,11
chr1,147072000.0,147328000.0,chr1,147392000.0,147552000.0,256000.0,8,32000.0,1,1,1,1,0.5,11
chr1,147424000.0,147552000.0,chr1,147392000.0,147552000.0,128000.0,4,32000.0,1,1,1,1,0.5,11
chr1,147584000.0,147680000.0,chr1,147584000.0,147680000.0,96000.0,3,32000.0,1,1,1,1,0.5,11
chr1,147744000.0,147872000.0,chr1,147744000.0,147872000.0,128000.0,4,32000.0,1,1,1,1,0.5,11
chr1,148000000.0,148064000.0,chr1,147968000.0,148064000.0,64000.0,2,32000.0,1,1,1,1,0.5,11
chr1,148352000.0,148416000.0,chr1,148128000.0,148160000.0,64000.0,2,32000.0,1,1,1,1,0.5,11
chr1,148128000.0,148192000.0,chr1,148320000.0,148416000.0,64000.0,2,32000.0,1,1,1,1,0.5,11
chr1,148320000.0,148512000.0,chr1,148288000.0,148480000.0,192000.0,6,32000.0,1,1,1,1,0.5,11
chr1,148480000.0,148864000.0,chr1,148480000.0,148864000.0,384000.0,12,32000.0,1,1,1,1,0.5,11
chr1,147904000.0,147936000.0,chr1,148544000.0,148576000.0,32000.0,1,32000.0,1,1,1,1,0.5,11
chr1,148384000.0,148544000.0,chr1,148640000.0,148768000.0,160000.0,5,32000.0,1,1,1,1,0.5,11
chr1,149056000.0,149152000.0,chr1,149024000.0,149152000.0,96000.0,3,32000.0,1,1,1,1,0.5,11
chr1,149184000.0,149408000.0,chr1,149184000.0,149376000.0,224000.0,7,32000.0,1,1,1,1,0.5,11
chr1,149472000.0,149632000.0,chr1,149440000.0,149632000.0,160000.0,5,32000.0,1,1,1,1,0.5,11
chr1,149728000.0,149984000.0,chr1,149696000.0,149952000.0,256000.0,8,32000.0,1,1,1,1,0.5,11
chr1,149472000.0,149600000.0,chr1,149760000.0,149888000.0,128000.0,4,32000.0,1,1,1,1,0.5,11
chr1,150048000.0,150208000.0,chr1,150016000.0,150208000.0,160000.0,5,32000.0,1,1,1,1,0.5,11
chr1,149792000.0,149888000.0,chr1,150112000.0,150208000.0,96000.0,3,32000.0,1,1,1,1,0.5,11
chr1,150336000.0,150464000.0,chr1,150304000.0,150432000.0,128000.0,4,32000.0,1,1,1,1,0.5,11
chr1,150080000.0,150176000.0,chr1,150368000.0,150464000.0,96000.0,3,32000.0,1,1,1,1,0.5,11
chr1,150464000.0,150592000.0,chr1,150464000.0,150592000.0,128000.0,4,32000.0,1,1,1,1,0.5,11
chr1,150624000.0,150720000.0,chr1,150592000.0,150720000.0,96000.0,3,32000.0,1,1,1,1,0.5,11
chr1,151328000.0,151456000.0,chr1,151328000.0,151456000.0,128000.0,4,32000.0,1,1,1,1,0.5,11
chr1,151360000.0,151424000.0,chr1,151584000.0,151648000.0,64000.0,2,32000.0,1,1,1,1,0.5,11
chr1,151584000.0,151712000.0,chr1,151552000.0,151712000.0,128000.0,4,32000.0,1,1,1,1,0.5,11
chr1,152544000.0,152672000.0,chr1,152512000.0,152640000.0,128000.0,4,32000.0,1,1,1,1,0.5,11
chr1,152704000.0,152800000.0,chr1,152672000.0,152800000.0,96000.0,3,32000.0,1,1,1,1,0.5,11
chr1,152480000.0,152608000.0,chr1,152704000.0,152800000.0,128000.0,4,32000.0,1,1,1,1,0.5,11
chr1,153152000.0,153344000.0,chr1,153120000.0,153312000.0,192000.0,6,32000.0,1,1,1,1,0.5,11
chr1,153440000.0,153664000.0,chr1,153408000.0,153632000.0,224000.0,7,32000.0,1,1,1,1,0.5,11
chr1,153152000.0,153280000.0,chr1,153472000.0,153600000.0,128000.0,4,32000.0,1,1,1,1,0.5,11
chr1,153792000.0,153984000.0,chr1,153760000.0,153952000.0,192000.0,6,32000.0,1,1,1,1,0.5,11
chr1,153472000.0,153600000.0,chr1,153824000.0,153952000.0,128000.0,4,32000.0,1,1,1,1,0.5,11
chr1,153856000.0,153920000.0,chr1,154048000.0,154144000.0,64000.0,2,32000.0,1,1,1,1,0.5,11
chr1,154048000.0,154208000.0,chr1,154048000.0,154208000.0,160000.0,5,32000.0,1,1,1,1,0.5,11
chr1,154400000.0,154560000.0,chr1,154368000.0,154560000.0,160000.0,5,32000.0,1,1,1,1,0.5,11
chr1,154880000.0,154944000.0,chr1,154496000.0,154624000.0,64000.0,2,32000.0,1,1,1,1,0.5,11
chr1,154592000.0,154720000.0,chr1,154560000.0,154720000.0,128000.0,4,32000.0,1,1,1,1,0.5,11
chr1,154400000.0,154496000.0,chr1,154656000.0,154720000.0,96000.0,3,32000.0,1,1,1,1,0.5,11
chr1,154816000.0,155008000.0,chr1,154784000.0,155008000.0,192000.0,6,32000.0,1,1,1,1,0.5,11
chr1,154464000.0,154688000.0,chr1,154848000.0,155008000.0,224000.0,7,32000.0,1,1,1,1,0.5,11
chr1,155136000.0,155328000.0,chr1,155136000.0,155296000.0,192000.0,6,32000.0,1,1,1,1,0.5,11
chr1,155488000.0,155616000.0,chr1,155488000.0,155584000.0,128000.0,4,32000.0,1,1,1,1,0.5,11
chr1,155136000.0,155232000.0,chr1,155520000.0,155584000.0,96000.0,3,32000.0,1,1,1,1,0.5,11
chr1,155872000.0,156000000.0,chr1,155872000.0,156000000.0,128000.0,4,32000.0,1,1,1,1,0.5,11
chr1,156224000.0,156384000.0,chr1,156224000.0,156384000.0,160000.0,5,32000.0,1,1,1,1,0.5,11
chr1,156768000.0,156928000.0,chr1,156768000.0,156928000.0,160000.0,5,32000.0,1,1,1,1,0.5,11
chr1,160192000.0,160544000.0,chr1,158176000.0,158656000.0,352000.0,11,32000.0,1,1,1,1,0.5,11
chr1,160544000.0,160640000.0,chr1,158240000.0,158368000.0,96000.0,3,32000.0,1,1,1,1,0.5,11
chr1,158304000.0,158560000.0,chr1,158272000.0,158560000.0,256000.0,8,32000.0,1,1,1,1,0.5,11
chr1,156832000.0,156864000.0,chr1,158368000.0,158400000.0,32000.0,1,32000.0,1,1,1,1,0.5,11
chr1,158880000.0,158912000.0,chr1,158848000.0,158880000.0,32000.0,1,32000.0,1,1,1,1,0.5,11
chr1,159328000.0,159488000.0,chr1,159296000.0,159456000.0,160000.0,5,32000.0,1,1,1,1,0.5,11
chr1,159680000.0,159808000.0,chr1,159648000.0,159808000.0,128000.0,4,32000.0,1,1,1,1,0.5,11
chr1,159392000.0,159424000.0,chr1,159712000.0,159744000.0,32000.0,1,32000.0,1,1,1,1,0.5,11
chr1,159936000.0,160000000.0,chr1,159904000.0,160000000.0,64000.0,2,32000.0,1,1,1,1,0.5,11
chr1,160160000.0,160480000.0,chr1,160160000.0,160480000.0,320000.0,10,32000.0,1,1,1,1,0.5,11
chr1,158400000.0,158624000.0,chr1,160192000.0,160448000.0,224000.0,7,32000.0,1,1,1,1,0.5,11
chr1,158240000.0,158464000.0,chr1,160256000.0,160512000.0,224000.0,7,32000.0,1,1,1,1,0.5,11
chr1,160832000.0,160928000.0,chr1,160352000.0,160448000.0,96000.0,3,32000.0,1,1,1,1,0.5,11
chr1,158144000.0,158432000.0,chr1,160384000.0,160704000.0,288000.0,9,32000.0,1,1,1,1,0.5,11
chr1,160160000.0,160224000.0,chr1,160384000.0,160448000.0,64000.0,2,32000.0,1,1,1,1,0.5,11
chr1,160512000.0,160608000.0,chr1,160480000.0,160576000.0,96000.0,3,32000.0,1,1,1,1,0.5,11
chr1,158496000.0,158528000.0,chr1,160544000.0,160576000.0,32000.0,1,32000.0,1,1,1,1,0.5,11
chr1,160320000.0,160416000.0,chr1,160544000.0,160640000.0,96000.0,3,32000.0,1,1,1,1,0.5,11
chr1,160672000.0,160736000.0,chr1,160640000.0,160736000.0,64000.0,2,32000.0,1,1,1,1,0.5,11
chr1,160384000.0,160448000.0,chr1,160864000.0,160896000.0,64000.0,2,32000.0,1,1,1,1,0.5,11
chr1,160960000.0,161120000.0,chr1,160960000.0,161088000.0,160000.0,5,32000.0,1,1,1,1,0.5,11
chr1,160960000.0,161056000.0,chr1,161184000.0,161312000.0,96000.0,3,32000.0,1,1,1,1,0.5,11
chr1,161184000.0,161280000.0,chr1,161152000.0,161280000.0,96000.0,3,32000.0,1,1,1,1,0.5,11
chr1,161504000.0,161600000.0,chr1,161504000.0,161600000.0,96000.0,3,32000.0,1,1,1,1,0.5,11
chr1,161760000.0,161888000.0,chr1,161728000.0,161888000.0,128000.0,4,32000.0,1,1,1,1,0.5,11
chr1,162048000.0,162144000.0,chr1,162016000.0,162112000.0,96000.0,3,32000.0,1,1,1,1,0.5,11
chr1,162624000.0,162656000.0,chr1,162592000.0,162624000.0,32000.0,1,32000.0,1,1,1,1,0.5,11
chr1,162976000.0,163104000.0,chr1,162976000.0,163072000.0,128000.0,4,32000.0,1,1,1,1,0.5,11
chr1,163264000.0,163360000.0,chr1,163232000.0,163328000.0,96000.0,3,32000.0,1,1,1,1,0.5,11
chr1,163552000.0,163744000.0,chr1,163552000.0,163744000.0,192000.0,6,32000.0,1,1,1,1,0.5,11
chr1,163904000.0,163936000.0,chr1,163616000.0,163648000.0,32000.0,1,32000.0,1,1,1,1,0.5,11
chr1,163552000.0,163712000.0,chr1,163872000.0,164000000.0,160000.0,5,32000.0,1,1,1,1,0.5,11
chr1,163840000.0,164000000.0,chr1,163840000.0,163968000.0,160000.0,5,32000.0,1,1,1,1,0.5,11
chr1,164160000.0,164288000.0,chr1,164128000.0,164256000.0,128000.0,4,32000.0,1,1,1,1,0.5,11
chr1,164672000.0,164704000.0,chr1,164640000.0,164672000.0,32000.0,1,32000.0,1,1,1,1,0.5,11
chr1,164672000.0,164704000.0,chr1,164704000.0,164736000.0,32000.0,1,32000.0,1,1,1,1,0.5,11
chr1,164864000.0,164992000.0,chr1,164832000.0,164960000.0,128000.0,4,32000.0,1,1,1,1,0.5,11
chr1,165184000.0,165216000.0,chr1,165184000.0,165216000.0,32000.0,1,32000.0,1,1,1,1,0.5,11
chr1,165504000.0,165536000.0,chr1,165472000.0,165504000.0,32000.0,1,32000.0,1,1,1,1,0.5,11
chr1,166144000.0,166304000.0,chr1,166144000.0,166304000.0,160000.0,5,32000.0,1,1,1,1,0.5,11
chr1,166432000.0,166688000.0,chr1,166400000.0,166656000.0,256000.0,8,32000.0,1,1,1,1,0.5,11
chr1,166784000.0,166880000.0,chr1,166752000.0,166880000.0,96000.0,3,32000.0,1,1,1,1,0.5,11
chr1,166592000.0,166624000.0,chr1,166816000.0,166848000.0,32000.0,1,32000.0,1,1,1,1,0.5,11
chr1,166912000.0,167008000.0,chr1,166880000.0,166976000.0,96000.0,3,32000.0,1,1,1,1,0.5,11
chr1,167232000.0,167328000.0,chr1,167200000.0,167296000.0,96000.0,3,32000.0,1,1,1,1,0.5,11
chr1,167392000.0,167424000.0,chr1,167360000.0,167392000.0,32000.0,1,32000.0,1,1,1,1,0.5,11
chr1,167680000.0,167808000.0,chr1,167680000.0,167808000.0,128000.0,4,32000.0,1,1,1,1,0.5,11
chr1,167808000.0,167904000.0,chr1,167808000.0,167904000.0,96000.0,3,32000.0,1,1,1,1,0.5,11
chr1,168320000.0,168384000.0,chr1,168288000.0,168384000.0,64000.0,2,32000.0,1,1,1,1,0.5,11
chr1,168768000.0,168864000.0,chr1,168768000.0,168832000.0,96000.0,3,32000.0,1,1,1,1,0.5,11
chr1,169184000.0,169280000.0,chr1,169152000.0,169248000.0,96000.0,3,32000.0,1,1,1,1,0.5,11
chr1,169376000.0,169504000.0,chr1,169376000.0,169504000.0,128000.0,4,32000.0,1,1,1,1,0.5,11
chr1,169760000.0,169824000.0,chr1,169728000.0,169824000.0,64000.0,2,32000.0,1,1,1,1,0.5,11
chr1,169920000.0,170112000.0,chr1,169920000.0,170080000.0,192000.0,6,32000.0,1,1,1,1,0.5,11
chr1,170432000.0,170592000.0,chr1,170432000.0,170560000.0,160000.0,5,32000.0,1,1,1,1,0.5,11
chr1,169952000.0,169984000.0,chr1,170560000.0,170592000.0,32000.0,1,32000.0,1,1,1,1,0.5,11
chr1,170816000.0,170944000.0,chr1,170784000.0,170944000.0,128000.0,4,32000.0,1,1,1,1,0.5,11
chr1,170464000.0,170528000.0,chr1,170848000.0,170912000.0,64000.0,2,32000.0,1,1,1,1,0.5,11
chr1,171104000.0,171232000.0,chr1,171072000.0,171232000.0,128000.0,4,32000.0,1,1,1,1,0.5,11
chr1,171264000.0,171424000.0,chr1,171232000.0,171392000.0,160000.0,5,32000.0,1,1,1,1,0.5,11
chr1,171104000.0,171168000.0,chr1,171328000.0,171360000.0,64000.0,2,32000.0,1,1,1,1,0.5,11
chr1,171584000.0,171744000.0,chr1,171552000.0,171712000.0,160000.0,5,32000.0,1,1,1,1,0.5,11
chr1,171136000.0,171232000.0,chr1,171680000.0,171776000.0,96000.0,3,32000.0,1,1,1,1,0.5,11
chr1,171936000.0,172064000.0,chr1,171904000.0,172032000.0,128000.0,4,32000.0,1,1,1,1,0.5,11
chr1,172256000.0,172448000.0,chr1,172256000.0,172416000.0,192000.0,6,32000.0,1,1,1,1,0.5,11
chr1,172640000.0,172704000.0,chr1,172288000.0,172384000.0,64000.0,2,32000.0,1,1,1,1,0.5,11
chr1,172608000.0,172768000.0,chr1,172576000.0,172768000.0,160000.0,5,32000.0,1,1,1,1,0.5,11
chr1,172288000.0,172512000.0,chr1,172608000.0,172768000.0,224000.0,7,32000.0,1,1,1,1,0.5,11
chr1,172864000.0,172992000.0,chr1,172832000.0,172992000.0,128000.0,4,32000.0,1,1,1,1,0.5,11
chr1,173472000.0,173632000.0,chr1,173440000.0,173632000.0,160000.0,5,32000.0,1,1,1,1,0.5,11
chr1,173888000.0,173952000.0,chr1,173856000.0,173952000.0,64000.0,2,32000.0,1,1,1,1,0.5,11
chr1,173984000.0,174112000.0,chr1,173984000.0,174112000.0,128000.0,4,32000.0,1,1,1,1,0.5,11
chr1,173888000.0,174112000.0,chr1,174208000.0,174368000.0,224000.0,7,32000.0,1,1,1,1,0.5,11
chr1,174208000.0,174496000.0,chr1,174208000.0,174496000.0,288000.0,9,32000.0,1,1,1,1,0.5,11
chr1,174688000.0,174784000.0,chr1,174656000.0,174752000.0,96000.0,3,32000.0,1,1,1,1,0.5,11
chr1,174880000.0,174976000.0,chr1,174880000.0,174976000.0,96000.0,3,32000.0,1,1,1,1,0.5,11
chr1,175072000.0,175200000.0,chr1,175040000.0,175200000.0,128000.0,4,32000.0,1,1,1,1,0.5,11
chr1,174912000.0,174944000.0,chr1,175104000.0,175136000.0,32000.0,1,32000.0,1,1,1,1,0.5,11
chr1,175360000.0,175584000.0,chr1,175360000.0,175552000.0,224000.0,7,32000.0,1,1,1,1,0.5,11
chr1,176128000.0,176320000.0,chr1,176096000.0,176320000.0,192000.0,6,32000.0,1,1,1,1,0.5,11
chr1,176448000.0,176512000.0,chr1,176448000.0,176512000.0,64000.0,2,32000.0,1,1,1,1,0.5,11
chr1,177696000.0,177824000.0,chr1,177664000.0,177824000.0,128000.0,4,32000.0,1,1,1,1,0.5,11
chr1,177856000.0,177984000.0,chr1,177856000.0,177984000.0,128000.0,4,32000.0,1,1,1,1,0.5,11
chr1,178432000.0,178592000.0,chr1,178400000.0,178592000.0,160000.0,5,32000.0,1,1,1,1,0.5,11
chr1,180704000.0,180928000.0,chr1,180704000.0,180928000.0,224000.0,7,32000.0,1,1,1,1,0.5,11
chr1,181856000.0,182016000.0,chr1,181824000.0,182016000.0,160000.0,5,32000.0,1,1,1,1,0.5,11
chr1,181920000.0,181984000.0,chr1,182080000.0,182176000.0,64000.0,2,32000.0,1,1,1,1,0.5,11
chr1,182112000.0,182144000.0,chr1,182080000.0,182144000.0,32000.0,1,32000.0,1,1,1,1,0.5,11
chr1,182464000.0,182528000.0,chr1,182464000.0,182528000.0,64000.0,2,32000.0,1,1,1,1,0.5,11
chr1,182656000.0,182688000.0,chr1,182624000.0,182656000.0,32000.0,1,32000.0,1,1,1,1,0.5,11
chr1,182880000.0,182912000.0,chr1,182848000.0,182880000.0,32000.0,1,32000.0,1,1,1,1,0.5,11
chr1,183040000.0,183232000.0,chr1,183040000.0,183232000.0,192000.0,6,32000.0,1,1,1,1,0.5,11
chr1,182784000.0,182816000.0,chr1,183136000.0,183168000.0,32000.0,1,32000.0,1,1,1,1,0.5,11
chr1,183936000.0,183968000.0,chr1,183904000.0,183936000.0,32000.0,1,32000.0,1,1,1,1,0.5,11
chr1,184512000.0,184576000.0,chr1,184512000.0,184544000.0,64000.0,2,32000.0,1,1,1,1,0.5,11
chr1,185312000.0,185344000.0,chr1,185280000.0,185312000.0,32000.0,1,32000.0,1,1,1,1,0.5,11
chr1,185952000.0,186080000.0,chr1,185920000.0,186048000.0,128000.0,4,32000.0,1,1,1,1,0.5,11
chr1,186528000.0,186656000.0,chr1,186496000.0,186624000.0,128000.0,4,32000.0,1,1,1,1,0.5,11
chr1,186944000.0,187008000.0,chr1,186912000.0,187008000.0,64000.0,2,32000.0,1,1,1,1,0.5,11
chr1,187136000.0,187296000.0,chr1,187136000.0,187264000.0,160000.0,5,32000.0,1,1,1,1,0.5,11
chr1,188576000.0,188640000.0,chr1,188544000.0,188608000.0,64000.0,2,32000.0,1,1,1,1,0.5,11
chr1,188928000.0,189152000.0,chr1,188928000.0,189120000.0,224000.0,7,32000.0,1,1,1,1,0.5,11
chr1,189280000.0,189472000.0,chr1,189280000.0,189472000.0,192000.0,6,32000.0,1,1,1,1,0.5,11
chr1,189536000.0,189792000.0,chr1,189536000.0,189760000.0,256000.0,8,32000.0,1,1,1,1,0.5,11
chr1,189312000.0,189440000.0,chr1,189568000.0,189696000.0,128000.0,4,32000.0,1,1,1,1,0.5,11
chr1,189824000.0,189984000.0,chr1,189792000.0,189952000.0,160000.0,5,32000.0,1,1,1,1,0.5,11
chr1,189952000.0,190080000.0,chr1,189952000.0,190080000.0,128000.0,4,32000.0,1,1,1,1,0.5,11
chr1,190240000.0,190400000.0,chr1,190208000.0,190368000.0,160000.0,5,32000.0,1,1,1,1,0.5,11
chr1,190560000.0,190720000.0,chr1,190560000.0,190688000.0,160000.0,5,32000.0,1,1,1,1,0.5,11
chr1,190816000.0,190880000.0,chr1,190560000.0,190624000.0,64000.0,2,32000.0,1,1,1,1,0.5,11
chr1,190784000.0,190912000.0,chr1,190752000.0,190912000.0,128000.0,4,32000.0,1,1,1,1,0.5,11
chr1,190528000.0,190688000.0,chr1,190784000.0,190912000.0,160000.0,5,32000.0,1,1,1,1,0.5,11
chr1,191008000.0,191072000.0,chr1,191008000.0,191040000.0,64000.0,2,32000.0,1,1,1,1,0.5,11
chr1,191104000.0,191136000.0,chr1,191072000.0,191136000.0,32000.0,1,32000.0,1,1,1,1,0.5,11
chr1,191168000.0,191296000.0,chr1,191136000.0,191264000.0,128000.0,4,32000.0,1,1,1,1,0.5,11
chr1,191424000.0,191584000.0,chr1,191392000.0,191552000.0,160000.0,5,32000.0,1,1,1,1,0.5,11
chr1,191712000.0,191744000.0,chr1,191456000.0,191520000.0,32000.0,1,32000.0,1,1,1,1,0.5,11
chr1,191648000.0,191776000.0,chr1,191648000.0,191776000.0,128000.0,4,32000.0,1,1,1,1,0.5,11
chr1,191456000.0,191552000.0,chr1,191680000.0,191872000.0,96000.0,3,32000.0,1,1,1,1,0.5,11
chr1,191776000.0,191968000.0,chr1,191744000.0,191936000.0,192000.0,6,32000.0,1,1,1,1,0.5,11
chr1,192032000.0,192096000.0,chr1,191776000.0,191872000.0,64000.0,2,32000.0,1,1,1,1,0.5,11
chr1,191616000.0,191712000.0,chr1,191840000.0,191936000.0,96000.0,3,32000.0,1,1,1,1,0.5,11
chr1,191968000.0,192128000.0,chr1,191936000.0,192096000.0,160000.0,5,32000.0,1,1,1,1,0.5,11
chr1,191744000.0,191904000.0,chr1,192000000.0,192128000.0,160000.0,5,32000.0,1,1,1,1,0.5,11
chr1,192256000.0,192672000.0,chr1,192224000.0,192672000.0,416000.0,13,32000.0,1,1,1,1,0.5,11
chr1,191840000.0,191904000.0,chr1,192288000.0,192384000.0,64000.0,2,32000.0,1,1,1,1,0.5,11
chr1,193280000.0,193376000.0,chr1,192352000.0,192416000.0,96000.0,3,32000.0,1,1,1,1,0.5,11
chr1,193536000.0,193760000.0,chr1,192320000.0,192576000.0,224000.0,7,32000.0,1,1,1,1,0.5,11
chr1,193408000.0,193760000.0,chr1,192416000.0,192768000.0,352000.0,11,32000.0,1,1,1,1,0.5,11
chr1,193792000.0,193952000.0,chr1,192448000.0,192576000.0,160000.0,5,32000.0,1,1,1,1,0.5,11
chr1,192288000.0,192384000.0,chr1,192512000.0,192608000.0,96000.0,3,32000.0,1,1,1,1,0.5,11
chr1,193184000.0,193568000.0,chr1,192512000.0,192800000.0,384000.0,12,32000.0,1,1,1,1,0.5,11
chr1,192800000.0,192928000.0,chr1,192768000.0,192928000.0,128000.0,4,32000.0,1,1,1,1,0.5,11
chr1,192992000.0,193152000.0,chr1,192992000.0,193152000.0,160000.0,5,32000.0,1,1,1,1,0.5,11
chr1,192832000.0,192864000.0,chr1,193056000.0,193088000.0,32000.0,1,32000.0,1,1,1,1,0.5,11
chr1,192544000.0,192608000.0,chr1,193184000.0,193344000.0,64000.0,2,32000.0,1,1,1,1,0.5,11
chr1,193216000.0,193312000.0,chr1,193216000.0,193312000.0,96000.0,3,32000.0,1,1,1,1,0.5,11
chr1,193536000.0,193568000.0,chr1,193248000.0,193344000.0,32000.0,1,32000.0,1,1,1,1,0.5,11
chr1,192384000.0,192416000.0,chr1,193280000.0,193312000.0,32000.0,1,32000.0,1,1,1,1,0.5,11
chr1,193312000.0,193408000.0,chr1,193280000.0,193376000.0,96000.0,3,32000.0,1,1,1,1,0.5,11
chr1,192288000.0,192768000.0,chr1,193408000.0,193760000.0,480000.0,15,32000.0,1,1,1,1,0.5,11
chr1,192672000.0,192768000.0,chr1,193408000.0,193536000.0,96000.0,3,32000.0,1,1,1,1,0.5,11
chr1,193472000.0,193728000.0,chr1,193440000.0,193728000.0,256000.0,8,32000.0,1,1,1,1,0.5,11
chr1,193216000.0,193376000.0,chr1,193472000.0,193600000.0,160000.0,5,32000.0,1,1,1,1,0.5,11
chr1,193792000.0,193952000.0,chr1,193600000.0,193728000.0,160000.0,5,32000.0,1,1,1,1,0.5,11
chr1,193504000.0,193568000.0,chr1,193696000.0,193728000.0,64000.0,2,32000.0,1,1,1,1,0.5,11
chr1,193760000.0,194016000.0,chr1,193760000.0,193984000.0,256000.0,8,32000.0,1,1,1,1,0.5,11
chr1,192448000.0,192608000.0,chr1,193792000.0,193920000.0,160000.0,5,32000.0,1,1,1,1,0.5,11
chr1,193632000.0,193728000.0,chr1,193792000.0,193920000.0,96000.0,3,32000.0,1,1,1,1,0.5,11
chr1,194528000.0,194592000.0,chr1,193856000.0,193920000.0,64000.0,2,32000.0,1,1,1,1,0.5,11
chr1,194528000.0,194560000.0,chr1,194016000.0,194048000.0,32000.0,1,32000.0,1,1,1,1,0.5,11
chr1,193792000.0,193952000.0,chr1,194080000.0,194208000.0,160000.0,5,32000.0,1,1,1,1,0.5,11
chr1,194048000.0,194240000.0,chr1,194048000.0,194208000.0,192000.0,6,32000.0,1,1,1,1,0.5,11
chr1,194432000.0,194624000.0,chr1,194400000.0,194624000.0,192000.0,6,32000.0,1,1,1,1,0.5,11
chr1,193792000.0,194176000.0,chr1,194432000.0,194624000.0,384000.0,12,32000.0,1,1,1,1,0.5,11
chr1,194976000.0,195072000.0,chr1,194944000.0,195072000.0,96000.0,3,32000.0,1,1,1,1,0.5,11
chr1,195136000.0,195328000.0,chr1,195136000.0,195296000.0,192000.0,6,32000.0,1,1,1,1,0.5,11
chr1,195168000.0,195264000.0,chr1,195424000.0,195520000.0,96000.0,3,32000.0,1,1,1,1,0.5,11
chr1,195392000.0,195584000.0,chr1,195392000.0,195552000.0,192000.0,6,32000.0,1,1,1,1,0.5,11
chr1,195424000.0,195520000.0,chr1,195680000.0,195808000.0,96000.0,3,32000.0,1,1,1,1,0.5,11
chr1,195680000.0,195840000.0,chr1,195648000.0,195808000.0,160000.0,5,32000.0,1,1,1,1,0.5,11
chr1,196640000.0,196768000.0,chr1,196640000.0,196736000.0,128000.0,4,32000.0,1,1,1,1,0.5,11
chr1,196864000.0,197088000.0,chr1,196832000.0,197088000.0,224000.0,7,32000.0,1,1,1,1,0.5,11
chr1,196928000.0,197088000.0,chr1,197184000.0,197344000.0,160000.0,5,32000.0,1,1,1,1,0.5,11
chr1,197184000.0,197408000.0,chr1,197184000.0,197408000.0,224000.0,7,32000.0,1,1,1,1,0.5,11
chr1,197856000.0,197952000.0,chr1,197824000.0,197952000.0,96000.0,3,32000.0,1,1,1,1,0.5,11
chr1,198592000.0,198784000.0,chr1,198560000.0,198784000.0,192000.0,6,32000.0,1,1,1,1,0.5,11
chr1,198912000.0,199008000.0,chr1,198912000.0,198976000.0,96000.0,3,32000.0,1,1,1,1,0.5,11
chr1,199072000.0,199232000.0,chr1,199072000.0,199232000.0,160000.0,5,32000.0,1,1,1,1,0.5,11
chr1,198912000.0,198976000.0,chr1,199104000.0,199200000.0,64000.0,2,32000.0,1,1,1,1,0.5,11
chr1,199424000.0,199584000.0,chr1,199392000.0,199584000.0,160000.0,5,32000.0,1,1,1,1,0.5,11
chr1,199744000.0,199776000.0,chr1,199520000.0,199584000.0,32000.0,1,32000.0,1,1,1,1,0.5,11
chr1,199552000.0,199584000.0,chr1,199712000.0,199776000.0,32000.0,1,32000.0,1,1,1,1,0.5,11
chr1,199744000.0,199840000.0,chr1,199744000.0,199840000.0,96000.0,3,32000.0,1,1,1,1,0.5,11
chr1,199840000.0,200000000.0,chr1,199840000.0,199968000.0,160000.0,5,32000.0,1,1,1,1,0.5,11
chr1,200224000.0,200288000.0,chr1,200224000.0,200288000.0,64000.0,2,32000.0,1,1,1,1,0.5,11
chr1,200416000.0,200704000.0,chr1,200384000.0,200704000.0,288000.0,9,32000.0,1,1,1,1,0.5,11
chr1,199840000.0,199936000.0,chr1,200480000.0,200544000.0,96000.0,3,32000.0,1,1,1,1,0.5,11
chr1,200224000.0,200288000.0,chr1,200448000.0,200512000.0,64000.0,2,32000.0,1,1,1,1,0.5,11
chr1,200800000.0,200832000.0,chr1,200800000.0,200832000.0,32000.0,1,32000.0,1,1,1,1,0.5,11
chr1,201024000.0,201248000.0,chr1,200992000.0,201248000.0,224000.0,7,32000.0,1,1,1,1,0.5,11
chr1,201952000.0,202016000.0,chr1,201952000.0,202016000.0,64000.0,2,32000.0,1,1,1,1,0.5,11
chr1,202144000.0,202272000.0,chr1,202112000.0,202272000.0,128000.0,4,32000.0,1,1,1,1,0.5,11
chr1,202752000.0,202784000.0,chr1,202720000.0,202784000.0,32000.0,1,32000.0,1,1,1,1,0.5,11
chr1,203904000.0,203936000.0,chr1,203872000.0,203904000.0,32000.0,1,32000.0,1,1,1,1,0.5,11
chr1,204096000.0,204192000.0,chr1,204064000.0,204192000.0,96000.0,3,32000.0,1,1,1,1,0.5,11
chr1,203872000.0,203904000.0,chr1,204096000.0,204128000.0,32000.0,1,32000.0,1,1,1,1,0.5,11
chr1,204288000.0,204352000.0,chr1,204256000.0,204320000.0,64000.0,2,32000.0,1,1,1,1,0.5,11
chr1,204640000.0,204832000.0,chr1,204608000.0,204832000.0,192000.0,6,32000.0,1,1,1,1,0.5,11
chr1,206272000.0,206496000.0,chr1,206272000.0,206464000.0,224000.0,7,32000.0,1,1,1,1,0.5,11
chr1,206624000.0,206688000.0,chr1,206624000.0,206688000.0,64000.0,2,32000.0,1,1,1,1,0.5,11
chr1,206720000.0,206784000.0,chr1,206720000.0,206752000.0,64000.0,2,32000.0,1,1,1,1,0.5,11
chr1,207200000.0,207392000.0,chr1,207200000.0,207360000.0,192000.0,6,32000.0,1,1,1,1,0.5,11
chr1,207648000.0,207776000.0,chr1,207616000.0,207744000.0,128000.0,4,32000.0,1,1,1,1,0.5,11
chr1,207872000.0,208000000.0,chr1,207840000.0,207968000.0,128000.0,4,32000.0,1,1,1,1,0.5,11
chr1,208640000.0,208704000.0,chr1,208608000.0,208704000.0,64000.0,2,32000.0,1,1,1,1,0.5,11
chr1,208864000.0,208992000.0,chr1,208864000.0,208992000.0,128000.0,4,32000.0,1,1,1,1,0.5,11
chr1,209184000.0,209248000.0,chr1,209152000.0,209216000.0,64000.0,2,32000.0,1,1,1,1,0.5,11
chr1,209504000.0,209632000.0,chr1,209504000.0,209632000.0,128000.0,4,32000.0,1,1,1,1,0.5,11
chr1,209984000.0,210176000.0,chr1,209952000.0,210176000.0,192000.0,6,32000.0,1,1,1,1,0.5,11
chr1,210208000.0,210368000.0,chr1,209984000.0,210144000.0,160000.0,5,32000.0,1,1,1,1,0.5,11
chr1,210400000.0,210528000.0,chr1,210016000.0,210144000.0,128000.0,4,32000.0,1,1,1,1,0.5,11
chr1,210016000.0,210240000.0,chr1,210176000.0,210432000.0,224000.0,7,32000.0,1,1,1,1,0.5,11
chr1,210208000.0,210240000.0,chr1,210176000.0,210208000.0,32000.0,1,32000.0,1,1,1,1,0.5,11
chr1,210400000.0,210432000.0,chr1,210176000.0,210208000.0,32000.0,1,32000.0,1,1,1,1,0.5,11
chr1,210496000.0,210528000.0,chr1,210272000.0,210304000.0,32000.0,1,32000.0,1,1,1,1,0.5,11
chr1,210304000.0,210336000.0,chr1,210304000.0,210336000.0,32000.0,1,32000.0,1,1,1,1,0.5,11
chr1,209472000.0,209504000.0,chr1,210368000.0,210432000.0,32000.0,1,32000.0,1,1,1,1,0.5,11
chr1,209856000.0,209952000.0,chr1,210400000.0,210464000.0,96000.0,3,32000.0,1,1,1,1,0.5,11
chr1,210016000.0,210144000.0,chr1,210400000.0,210528000.0,128000.0,4,32000.0,1,1,1,1,0.5,11
chr1,210368000.0,210656000.0,chr1,210368000.0,210624000.0,288000.0,9,32000.0,1,1,1,1,0.5,11
chr1,2016000.0,2048000.0,chr1,210432000.0,210464000.0,32000.0,1,32000.0,1,1,1,1,0.5,11
chr1,1856000.0,1888000.0,chr1,210496000.0,210560000.0,32000.0,1,32000.0,1,1,1,1,0.5,11
chr1,2016000.0,2048000.0,chr1,210496000.0,210560000.0,32000.0,1,32000.0,1,1,1,1,0.5,11
chr1,210464000.0,210592000.0,chr1,210848000.0,211008000.0,128000.0,4,32000.0,1,1,1,1,0.5,11
chr1,210880000.0,211072000.0,chr1,210848000.0,211072000.0,192000.0,6,32000.0,1,1,1,1,0.5,11
chr1,211296000.0,211456000.0,chr1,211296000.0,211456000.0,160000.0,5,32000.0,1,1,1,1,0.5,11
chr1,210848000.0,210976000.0,chr1,211360000.0,211456000.0,128000.0,4,32000.0,1,1,1,1,0.5,11
chr1,211712000.0,211968000.0,chr1,211712000.0,211968000.0,256000.0,8,32000.0,1,1,1,1,0.5,11
chr1,212192000.0,212320000.0,chr1,211744000.0,211872000.0,128000.0,4,32000.0,1,1,1,1,0.5,11
chr1,212384000.0,212576000.0,chr1,212352000.0,212544000.0,192000.0,6,32000.0,1,1,1,1,0.5,11
chr1,211744000.0,211904000.0,chr1,212448000.0,212608000.0,160000.0,5,32000.0,1,1,1,1,0.5,11
chr1,212576000.0,212608000.0,chr1,212544000.0,212576000.0,32000.0,1,32000.0,1,1,1,1,0.5,11
chr1,212800000.0,212960000.0,chr1,212768000.0,212960000.0,160000.0,5,32000.0,1,1,1,1,0.5,11
chr1,212960000.0,213184000.0,chr1,212960000.0,213152000.0,224000.0,7,32000.0,1,1,1,1,0.5,11
chr1,212864000.0,212896000.0,chr1,213088000.0,213120000.0,32000.0,1,32000.0,1,1,1,1,0.5,11
chr1,213024000.0,213152000.0,chr1,213248000.0,213472000.0,128000.0,4,32000.0,1,1,1,1,0.5,11
chr1,213280000.0,213408000.0,chr1,213248000.0,213376000.0,128000.0,4,32000.0,1,1,1,1,0.5,11
chr1,213472000.0,213504000.0,chr1,213472000.0,213504000.0,32000.0,1,32000.0,1,1,1,1,0.5,11
chr1,213856000.0,214048000.0,chr1,213856000.0,214048000.0,192000.0,6,32000.0,1,1,1,1,0.5,11
chr1,214208000.0,214272000.0,chr1,213952000.0,214016000.0,64000.0,2,32000.0,1,1,1,1,0.5,11
chr1,213952000.0,214016000.0,chr1,214176000.0,214272000.0,64000.0,2,32000.0,1,1,1,1,0.5,11
chr1,214144000.0,214272000.0,chr1,214144000.0,214240000.0,128000.0,4,32000.0,1,1,1,1,0.5,11
chr1,214368000.0,214560000.0,chr1,214368000.0,214560000.0,192000.0,6,32000.0,1,1,1,1,0.5,11
chr1,214976000.0,215040000.0,chr1,214432000.0,214496000.0,64000.0,2,32000.0,1,1,1,1,0.5,11
chr1,214624000.0,214720000.0,chr1,214624000.0,214720000.0,96000.0,3,32000.0,1,1,1,1,0.5,11
chr1,214400000.0,214560000.0,chr1,214944000.0,215072000.0,160000.0,5,32000.0,1,1,1,1,0.5,11
chr1,214944000.0,215232000.0,chr1,214912000.0,215232000.0,288000.0,9,32000.0,1,1,1,1,0.5,11
chr1,214784000.0,214816000.0,chr1,214976000.0,215040000.0,32000.0,1,32000.0,1,1,1,1,0.5,11
chr1,215616000.0,215776000.0,chr1,215616000.0,215776000.0,160000.0,5,32000.0,1,1,1,1,0.5,11
chr1,215904000.0,216064000.0,chr1,215904000.0,216064000.0,160000.0,5,32000.0,1,1,1,1,0.5,11
chr1,216096000.0,216224000.0,chr1,216064000.0,216224000.0,128000.0,4,32000.0,1,1,1,1,0.5,11
chr1,216704000.0,216896000.0,chr1,216704000.0,216896000.0,192000.0,6,32000.0,1,1,1,1,0.5,11
chr1,215968000.0,216032000.0,chr1,216800000.0,216896000.0,64000.0,2,32000.0,1,1,1,1,0.5,11
chr1,217024000.0,217184000.0,chr1,216992000.0,217152000.0,160000.0,5,32000.0,1,1,1,1,0.5,11
chr1,217312000.0,217376000.0,chr1,217280000.0,217376000.0,64000.0,2,32000.0,1,1,1,1,0.5,11
chr1,217632000.0,217856000.0,chr1,217600000.0,217856000.0,224000.0,7,32000.0,1,1,1,1,0.5,11
chr1,218048000.0,218176000.0,chr1,218016000.0,218176000.0,128000.0,4,32000.0,1,1,1,1,0.5,11
chr1,218272000.0,218304000.0,chr1,218240000.0,218272000.0,32000.0,1,32000.0,1,1,1,1,0.5,11
chr1,219744000.0,219968000.0,chr1,219712000.0,219968000.0,224000.0,7,32000.0,1,1,1,1,0.5,11
chr1,220192000.0,220224000.0,chr1,219936000.0,220000000.0,32000.0,1,32000.0,1,1,1,1,0.5,11
chr1,219968000.0,220000000.0,chr1,220160000.0,220224000.0,32000.0,1,32000.0,1,1,1,1,0.5,11
chr1,220288000.0,220320000.0,chr1,220256000.0,220288000.0,32000.0,1,32000.0,1,1,1,1,0.5,11
chr1,220480000.0,220672000.0,chr1,220480000.0,220640000.0,192000.0,6,32000.0,1,1,1,1,0.5,11
chr1,220512000.0,220608000.0,chr1,220768000.0,220896000.0,96000.0,3,32000.0,1,1,1,1,0.5,11
chr1,220768000.0,221024000.0,chr1,220736000.0,220992000.0,256000.0,8,32000.0,1,1,1,1,0.5,11
chr1,221280000.0,221408000.0,chr1,220864000.0,220928000.0,128000.0,4,32000.0,1,1,1,1,0.5,11
chr1,221568000.0,221632000.0,chr1,220896000.0,220960000.0,64000.0,2,32000.0,1,1,1,1,0.5,11
chr1,221056000.0,221088000.0,chr1,221024000.0,221056000.0,32000.0,1,32000.0,1,1,1,1,0.5,11
chr1,16160000.0,16352000.0,chr1,221056000.0,221216000.0,192000.0,6,32000.0,1,1,1,1,0.5,11
chr1,16384000.0,16512000.0,chr1,221056000.0,221216000.0,128000.0,4,32000.0,1,1,1,1,0.5,11
chr1,16096000.0,16128000.0,chr1,221184000.0,221216000.0,32000.0,1,32000.0,1,1,1,1,0.5,11
chr1,16160000.0,16352000.0,chr1,221248000.0,221408000.0,192000.0,6,32000.0,1,1,1,1,0.5,11
chr1,16384000.0,16512000.0,chr1,221248000.0,221408000.0,128000.0,4,32000.0,1,1,1,1,0.5,11
chr1,221472000.0,221664000.0,chr1,221472000.0,221664000.0,192000.0,6,32000.0,1,1,1,1,0.5,11
chr1,220832000.0,220992000.0,chr1,221504000.0,221664000.0,160000.0,5,32000.0,1,1,1,1,0.5,11
chr1,221280000.0,221408000.0,chr1,221536000.0,221600000.0,128000.0,4,32000.0,1,1,1,1,0.5,11
chr1,221856000.0,222048000.0,chr1,221824000.0,222016000.0,192000.0,6,32000.0,1,1,1,1,0.5,11
chr1,222272000.0,222336000.0,chr1,222240000.0,222304000.0,64000.0,2,32000.0,1,1,1,1,0.5,11
chr1,222432000.0,222624000.0,chr1,222400000.0,222624000.0,192000.0,6,32000.0,1,1,1,1,0.5,11
chr1,222944000.0,223072000.0,chr1,222912000.0,223072000.0,128000.0,4,32000.0,1,1,1,1,0.5,11
chr1,222400000.0,222560000.0,chr1,222976000.0,223104000.0,160000.0,5,32000.0,1,1,1,1,0.5,11
chr1,223168000.0,223200000.0,chr1,223136000.0,223168000.0,32000.0,1,32000.0,1,1,1,1,0.5,11
chr1,223360000.0,223424000.0,chr1,223328000.0,223424000.0,64000.0,2,32000.0,1,1,1,1,0.5,11
chr1,224096000.0,224128000.0,chr1,224064000.0,224096000.0,32000.0,1,32000.0,1,1,1,1,0.5,11
chr1,224160000.0,224352000.0,chr1,224128000.0,224352000.0,192000.0,6,32000.0,1,1,1,1,0.5,11
chr1,224416000.0,224448000.0,chr1,224384000.0,224416000.0,32000.0,1,32000.0,1,1,1,1,0.5,11
chr1,226400000.0,226432000.0,chr1,226368000.0,226400000.0,32000.0,1,32000.0,1,1,1,1,0.5,11
chr1,226624000.0,226720000.0,chr1,226624000.0,226688000.0,96000.0,3,32000.0,1,1,1,1,0.5,11
chr1,227136000.0,227200000.0,chr1,227104000.0,227200000.0,64000.0,2,32000.0,1,1,1,1,0.5,11
chr1,227872000.0,228032000.0,chr1,227872000.0,228000000.0,160000.0,5,32000.0,1,1,1,1,0.5,11
chr1,228288000.0,228352000.0,chr1,228288000.0,228320000.0,64000.0,2,32000.0,1,1,1,1,0.5,11
chr1,228448000.0,228544000.0,chr1,228448000.0,228512000.0,96000.0,3,32000.0,1,1,1,1,0.5,11
chr1,228704000.0,228736000.0,chr1,228672000.0,228704000.0,32000.0,1,32000.0,1,1,1,1,0.5,11
chr1,228768000.0,228928000.0,chr1,228768000.0,228896000.0,160000.0,5,32000.0,1,1,1,1,0.5,11
chr1,228832000.0,228864000.0,chr1,229312000.0,229408000.0,32000.0,1,32000.0,1,1,1,1,0.5,11
chr1,229344000.0,229472000.0,chr1,229312000.0,229472000.0,128000.0,4,32000.0,1,1,1,1,0.5,11
chr1,229664000.0,229696000.0,chr1,229344000.0,229376000.0,32000.0,1,32000.0,1,1,1,1,0.5,11
chr1,229536000.0,229728000.0,chr1,229536000.0,229728000.0,192000.0,6,32000.0,1,1,1,1,0.5,11
chr1,228864000.0,228896000.0,chr1,229632000.0,229664000.0,32000.0,1,32000.0,1,1,1,1,0.5,11
chr1,229760000.0,229888000.0,chr1,229728000.0,229856000.0,128000.0,4,32000.0,1,1,1,1,0.5,11
chr1,230688000.0,230848000.0,chr1,230656000.0,230816000.0,160000.0,5,32000.0,1,1,1,1,0.5,11
chr1,229632000.0,229696000.0,chr1,230880000.0,230912000.0,64000.0,2,32000.0,1,1,1,1,0.5,11
chr1,230880000.0,231008000.0,chr1,230880000.0,230976000.0,128000.0,4,32000.0,1,1,1,1,0.5,11
chr1,230720000.0,230752000.0,chr1,230912000.0,230944000.0,32000.0,1,32000.0,1,1,1,1,0.5,11
chr1,231232000.0,231328000.0,chr1,231200000.0,231328000.0,96000.0,3,32000.0,1,1,1,1,0.5,11
chr1,231488000.0,231520000.0,chr1,231264000.0,231296000.0,32000.0,1,32000.0,1,1,1,1,0.5,11
chr1,231232000.0,231296000.0,chr1,231456000.0,231552000.0,64000.0,2,32000.0,1,1,1,1,0.5,11
chr1,231456000.0,231648000.0,chr1,231424000.0,231648000.0,192000.0,6,32000.0,1,1,1,1,0.5,11
chr1,232096000.0,232160000.0,chr1,232064000.0,232128000.0,64000.0,2,32000.0,1,1,1,1,0.5,11
chr1,232416000.0,232544000.0,chr1,232416000.0,232544000.0,128000.0,4,32000.0,1,1,1,1,0.5,11
chr1,232864000.0,233024000.0,chr1,232864000.0,232992000.0,160000.0,5,32000.0,1,1,1,1,0.5,11
chr1,233216000.0,233248000.0,chr1,233184000.0,233216000.0,32000.0,1,32000.0,1,1,1,1,0.5,11
chr1,233344000.0,233472000.0,chr1,233344000.0,233472000.0,128000.0,4,32000.0,1,1,1,1,0.5,11
chr1,233728000.0,233824000.0,chr1,233728000.0,233824000.0,96000.0,3,32000.0,1,1,1,1,0.5,11
chr1,233952000.0,233984000.0,chr1,233920000.0,233984000.0,32000.0,1,32000.0,1,1,1,1,0.5,11
chr1,234016000.0,234304000.0,chr1,234016000.0,234272000.0,288000.0,9,32000.0,1,1,1,1,0.5,11
chr1,233920000.0,233952000.0,chr1,234112000.0,234176000.0,32000.0,1,32000.0,1,1,1,1,0.5,11
chr1,234496000.0,234560000.0,chr1,234112000.0,234176000.0,64000.0,2,32000.0,1,1,1,1,0.5,11
chr1,234080000.0,234208000.0,chr1,234432000.0,234592000.0,128000.0,4,32000.0,1,1,1,1,0.5,11
chr1,234464000.0,234496000.0,chr1,234432000.0,234464000.0,32000.0,1,32000.0,1,1,1,1,0.5,11
chr1,234272000.0,234304000.0,chr1,234496000.0,234528000.0,32000.0,1,32000.0,1,1,1,1,0.5,11
chr1,0.0,234624000.0,chr1,0.0,234624000.0,234624000.0,7332,32000.0,1,1,1,1,0.5,21
chr1,2144000.0,2496000.0,chr1,32000.0,320000.0,352000.0,11,32000.0,1,1,1,1,0.5,21
chr1,64000.0,512000.0,chr1,64000.0,512000.0,448000.0,14,32000.0,1,1,1,1,0.5,21
chr1,608000.0,960000.0,chr1,96000.0,384000.0,352000.0,11,32000.0,1,1,1,1,0.5,21
chr1,1888000.0,1984000.0,chr1,128000.0,224000.0,96000.0,3,32000.0,1,1,1,1,0.5,21
chr1,3424000.0,3520000.0,chr1,128000.0,224000.0,96000.0,3,32000.0,1,1,1,1,0.5,21
chr1,3552000.0,3648000.0,chr1,128000.0,224000.0,96000.0,3,32000.0,1,1,1,1,0.5,21
chr1,96000.0,416000.0,chr1,416000.0,1024000.0,320000.0,10,32000.0,1,1,1,1,0.5,21
chr1,2176000.0,2496000.0,chr1,384000.0,1088000.0,320000.0,10,32000.0,1,1,1,1,0.5,21
chr1,544000.0,1024000.0,chr1,512000.0,992000.0,480000.0,15,32000.0,1,1,1,1,0.5,21
chr1,992000.0,1632000.0,chr1,960000.0,1600000.0,640000.0,20,32000.0,1,1,1,1,0.5,21
chr1,640000.0,768000.0,chr1,1056000.0,1088000.0,128000.0,4,32000.0,1,1,1,1,0.5,21
chr1,1728000.0,2144000.0,chr1,1120000.0,1568000.0,416000.0,13,32000.0,1,1,1,1,0.5,21
chr1,1088000.0,1600000.0,chr1,1696000.0,2176000.0,512000.0,16,32000.0,1,1,1,1,0.5,21
chr1,1696000.0,2752000.0,chr1,1664000.0,2720000.0,1056000.0,33,32000.0,1,1,1,1,0.5,21
chr1,96000.0,288000.0,chr1,1856000.0,2048000.0,192000.0,6,32000.0,1,1,1,1,0.5,21
chr1,64000.0,320000.0,chr1,2144000.0,2464000.0,256000.0,8,32000.0,1,1,1,1,0.5,21
chr1,768000.0,1088000.0,chr1,2208000.0,2464000.0,320000.0,10,32000.0,1,1,1,1,0.5,21
chr1,448000.0,544000.0,chr1,2304000.0,2400000.0,96000.0,3,32000.0,1,1,1,1,0.5,21
chr1,3136000.0,3296000.0,chr1,2368000.0,2464000.0,160000.0,5,32000.0,1,1,1,1,0.5,21
chr1,2848000.0,4384000.0,chr1,2816000.0,4384000.0,1536000.0,48,32000.0,1,1,1,1,0.5,21
chr1,3392000.0,3680000.0,chr1,2912000.0,3232000.0,288000.0,9,32000.0,1,1,1,1,0.5,21
chr1,2592000.0,2624000.0,chr1,2976000.0,3008000.0,32000.0,1,32000.0,1,1,1,1,0.5,21
chr1,2304000.0,2560000.0,chr1,3040000.0,3328000.0,256000.0,8,32000.0,1,1,1,1,0.5,21
chr1,96000.0,288000.0,chr1,3328000.0,3712000.0,192000.0,6,32000.0,1,1,1,1,0.5,21
chr1,2912000.0,3296000.0,chr1,3328000.0,3712000.0,384000.0,12,32000.0,1,1,1,1,0.5,21
chr1,4448000.0,5280000.0,chr1,4416000.0,5280000.0,832000.0,26,32000.0,1,1,1,1,0.5,21
chr1,4128000.0,4288000.0,chr1,4544000.0,4672000.0,160000.0,5,32000.0,1,1,1,1,0.5,21
chr1,5344000.0,6496000.0,chr1,5312000.0,6496000.0,1152000.0,36,32000.0,1,1,1,1,0.5,21
chr1,6048000.0,6208000.0,chr1,5600000.0,5824000.0,160000.0,5,32000.0,1,1,1,1,0.5,21
chr1,5440000.0,5888000.0,chr1,5824000.0,6400000.0,448000.0,14,32000.0,1,1,1,1,0.5,21
chr1,6496000.0,7040000.0,chr1,6496000.0,7008000.0,544000.0,17,32000.0,1,1,1,1,0.5,21
chr1,6240000.0,6368000.0,chr1,6688000.0,6816000.0,128000.0,4,32000.0,1,1,1,1,0.5,21
chr1,7200000.0,7264000.0,chr1,6816000.0,6880000.0,64000.0,2,32000.0,1,1,1,1,0.5,21
chr1,7104000.0,7808000.0,chr1,7104000.0,7776000.0,704000.0,22,32000.0,1,1,1,1,0.5,21
chr1,6752000.0,6944000.0,chr1,7168000.0,7296000.0,192000.0,6,32000.0,1,1,1,1,0.5,21
chr1,7904000.0,8128000.0,chr1,7456000.0,7712000.0,224000.0,7,32000.0,1,1,1,1,0.5,21
chr1,7840000.0,8192000.0,chr1,7840000.0,8192000.0,352000.0,11,32000.0,1,1,1,1,0.5,21
chr1,7392000.0,7712000.0,chr1,7872000.0,8224000.0,320000.0,10,32000.0,1,1,1,1,0.5,21
chr1,8512000.0,8608000.0,chr1,7904000.0,8064000.0,96000.0,3,32000.0,1,1,1,1,0.5,21
chr1,8352000.0,9024000.0,chr1,8320000.0,8992000.0,672000.0,21,32000.0,1,1,1,1,0.5,21
chr1,7872000.0,8128000.0,chr1,8448000.0,8640000.0,256000.0,8,32000.0,1,1,1,1,0.5,21
chr1,9120000.0,9344000.0,chr1,8672000.0,8896000.0,224000.0,7,32000.0,1,1,1,1,0.5,21
chr1,8448000.0,8576000.0,chr1,8832000.0,8992000.0,128000.0,4,32000.0,1,1,1,1,0.5,21
chr1,9024000.0,9888000.0,chr1,9024000.0,9856000.0,864000.0,27,32000.0,1,1,1,1,0.5,21
chr1,9536000.0,9696000.0,chr1,9056000.0,9248000.0,160000.0,5,32000.0,1,1,1,1,0.5,21
chr1,8640000.0,8928000.0,chr1,9088000.0,9376000.0,288000.0,9,32000.0,1,1,1,1,0.5,21
chr1,9024000.0,9280000.0,chr1,9472000.0,9728000.0,256000.0,8,32000.0,1,1,1,1,0.5,21
chr1,9920000.0,10304000.0,chr1,9920000.0,10304000.0,384000.0,12,32000.0,1,1,1,1,0.5,21
chr1,10464000.0,10752000.0,chr1,9952000.0,10272000.0,288000.0,9,32000.0,1,1,1,1,0.5,21
chr1,9920000.0,10304000.0,chr1,10432000.0,10784000.0,384000.0,12,32000.0,1,1,1,1,0.5,21
chr1,10432000.0,11040000.0,chr1,10432000.0,11040000.0,608000.0,19,32000.0,1,1,1,1,0.5,21
chr1,11200000.0,11360000.0,chr1,10816000.0,11008000.0,160000.0,5,32000.0,1,1,1,1,0.5,21
chr1,10560000.0,10624000.0,chr1,10912000.0,10976000.0,64000.0,2,32000.0,1,1,1,1,0.5,21
chr1,11168000.0,12096000.0,chr1,11136000.0,12096000.0,928000.0,29,32000.0,1,1,1,1,0.5,21
chr1,10848000.0,11040000.0,chr1,11200000.0,11424000.0,192000.0,6,32000.0,1,1,1,1,0.5,21
chr1,11680000.0,12064000.0,chr1,11200000.0,11616000.0,384000.0,12,32000.0,1,1,1,1,0.5,21
chr1,11200000.0,11680000.0,chr1,11616000.0,12064000.0,480000.0,15,32000.0,1,1,1,1,0.5,21
chr1,12288000.0,12512000.0,chr1,11648000.0,11840000.0,224000.0,7,32000.0,1,1,1,1,0.5,21
chr1,12224000.0,12672000.0,chr1,12192000.0,12672000.0,448000.0,14,32000.0,1,1,1,1,0.5,21
chr1,11584000.0,11968000.0,chr1,12256000.0,12576000.0,384000.0,12,32000.0,1,1,1,1,0.5,21
chr1,12992000.0,13056000.0,chr1,12416000.0,12544000.0,64000.0,2,32000.0,1,1,1,1,0.5,21
chr1,12768000.0,13344000.0,chr1,12768000.0,13312000.0,576000.0,18,32000.0,1,1,1,1,0.5,21
chr1,13472000.0,13696000.0,chr1,13088000.0,13280000.0,224000.0,7,32000.0,1,1,1,1,0.5,21
chr1,12960000.0,13312000.0,chr1,13440000.0,13792000.0,352000.0,11,32000.0,1,1,1,1,0.5,21
chr1,13440000.0,13856000.0,chr1,13440000.0,13856000.0,416000.0,13,32000.0,1,1,1,1,0.5,21
chr1,13888000.0,13920000.0,chr1,13856000.0,13920000.0,32000.0,1,32000.0,1,1,1,1,0.5,21
chr1,14176000.0,14880000.0,chr1,14144000.0,14880000.0,704000.0,22,32000.0,1,1,1,1,0.5,21
chr1,15072000.0,15232000.0,chr1,14592000.0,14752000.0,160000.0,5,32000.0,1,1,1,1,0.5,21
chr1,14304000.0,14400000.0,chr1,14720000.0,14816000.0,96000.0,3,32000.0,1,1,1,1,0.5,21
chr1,14848000.0,15552000.0,chr1,14848000.0,15552000.0,704000.0,22,32000.0,1,1,1,1,0.5,21
chr1,14560000.0,14784000.0,chr1,14944000.0,15264000.0,224000.0,7,32000.0,1,1,1,1,0.5,21
